0.891301158900109
1.24061490548745
1.0286217079067
0.91120914153919
0.953059939089485
1.03060491777777
1.14619237439759
1.03849595158547
1.18578847767944
0.80008856957555
0.91212156185708
1.05946309602554
0.939388882389378
0.948323630051985
0.832685945360381
0.899299585064004
1.13991688335179
1.08426504613562
0.904212724917153
1.14640886986117
1.06657167071774
1.09220706616486
0.989445184853759
0.990616754589798
1.21478993634185
1.19294076670903
0.843876939137895
0.914902394092058
1.11030581652679
0.999076036747159
0.982940081813708
1.12967946196974
1.07466215939991
1.0564698150189
0.935142399624119
0.931320616320487
0.947962248601109
0.873614844751009
0.972809328203534
1.10672847552183
0.935187291068391
0.904203120240066
0.97237228077404
1.17186136100819
0.902721868467851
1.15406404962739
0.996158779604594
0.830724228116671
0.977457357439146
1.05323866806438
0.969815915336936
0.918218690172854
0.912691248622124
0.895214018183577
0.929614927994172
0.882164203197285
0.957956020645524
1.12153022890574
0.984441052486521
1.02850133021422
0.881935597618081
1.15517229972448
1.09271790734714
0.981346672304151
0.962134994036097
0.954801823833838
0.988372496055657
1.05956632232713
1.18628182526164
1.20590467602595
0.942844477001781
0.997329712976554
0.888943066402392
0.925853851276496
1.04342610732384
0.880749158277398
0.871530422392368
0.794195506476789
0.960972818006312
1.07927391678738
0.950878666087837
0.952400033635665
0.872386736784033
0.89325435299649
1.0586174726003
1.15185775161395
0.913157928610822
1.11725704375383
1.00842868022738
0.955991833459378
0.986395537154272
0.96313088979291
1.07357140077391
1.02615489951065
0.896685805768416
1.11905967146178
1.0683303988111
0.843082215631609
1.03733910849685
0.937405589138078
1.20908624301317
1.08960095654586
0.998166454801393
0.98372127669041
1.06134412499157
1.16758842405603
0.959970797843617
0.935062377254973
1.1708277263921
1.04067191457695
0.944733864354755
1.13021032256849
1.10635611973694
0.962145092896858
1.05618402851528
1.0959824069336
0.920104946658319
0.971096402993305
0.957366457451641
0.973111028814319
1.02686823142711
1.01959418966685
0.988697642262887
1.0046658850357
1.16382292870723
0.886260441363278
1.121182029675
0.927612880348114
1.00178141161588
1.10964652471158
0.939925498298358
1.00762683725956
1.08788251873597
0.95110278466133
1.0098452199334
0.892635587909719
1.06883698722157
1.14954193442894
0.936255588234941
1.01786976333741
1.25165566860244
0.95606487661907
0.973088104989261
0.892717112789805
1.09073610452824
1.07870465968214
0.820916698074346
1.24087242415619
1.08914459904066
0.999565782836578
0.923010817421288
0.916883680612647
0.756379148828087
1.16567131068189
0.865328016289065
1.15427367406122
0.972748648858437
1.04527198195396
0.97546983437125
0.992105293609925
1.11436166334943
0.855404785419305
0.919852061241719
0.729334835257172
1.08411049811344
1.05945959726519
0.940663944320282
0.944730968216511
0.933447946710548
1.1150958681994
0.811879810259861
0.953661107487838
1.02380901673337
0.80954501841079
1.00520998911815
0.982513041693271
1.14286452293199
0.913177698121227
0.789422667437648
1.0990094717968
0.836184696126166
1.13312848386107
1.01717296761417
1.0984726435738
0.945111213587645
0.936606750159317
1.14740374423467
0.835180466154332
0.990754487768274
0.985363428456342
1.08232885022542
0.865747015892317
0.925943370303235
1.12033783105701
0.864344142087252
1.15147668183508
1.05627051355973
0.966057649782752
0.97860499874247
1.13261752435012
1.14786930489664
0.921039756633091
1.05493602241459
1.02241818968977
0.982047941924616
0.989828690768032
1.05637804231425
0.862461757464022
1.07505248483654
1.0003226002331
1.24495417813657
1.031663059079
1.24284297187827
1.17093953985052
1.10870905766459
0.967305375441757
0.94674760273924
0.772347146108083
1.17218111319191
0.8753747682233
1.10602625224314
0.944006549699653
0.986276356686868
1.13522390356815
1.03968874397893
0.964754372034255
0.889385193140415
1.09715978249218
0.924386728202061
1.24167576405425
0.912009084542443
1.05453130375958
1.10759620564707
0.947249333225146
1.11954624592006
0.911114017834074
1.04522001939733
0.906290430182062
1.02543046667564
0.944715654931372
1.02996631556657
1.06824309783284
1.1394780159648
1.00786959365871
0.82879746962146
0.968033808908295
0.921613876828148
1.11950499977762
1.07137527190272
1.07135253982587
1.09720682727421
0.915144150203553
1.09271553429953
1.12683476098087
1.05337182491905
0.915047863619178
0.976395604201122
1.14420408779193
0.837082683973577
1.13125221433329
0.9749180509061
0.944004900286215
1.04577665093806
0.836057032967627
0.9292013723138
1.16173872758998
0.928873836128232
1.0366006341181
0.988510117075563
0.932868589912498
0.947454454278136
0.860908553136524
1.00904241377502
0.995099602805182
1.05232540748902
0.88423207146448
1.04311724937046
0.878096809164173
1.03391195901771
1.03149392690057
0.959408352884337
1.02511057513753
0.971894686056257
0.979925240281708
0.978986784428489
1.03659957123971
0.908102250739112
0.928037969930448
1.01051723046847
0.911173835253456
1.03082911426143
0.956907938027071
1.10553018343331
0.944929163921064
1.08732731325096
1.06772342880303
1.02184864402274
0.806041178142821
0.966424325876049
0.964139105307397
1.06508374716506
1.08434658405528
0.773390185801721
0.912047489523744
0.918017712040544
0.958963616486554
0.986652539730605
0.970296048469736
1.12036712723729
1.0148015903933
1.00780923927798
0.939276399674565
1.06500046352757
1.1176015746727
0.970755349721689
1.02541712298155
0.966563040989391
0.759565161856669
0.906280305198401
0.95883855156031
0.898681518259377
1.06761851788837
1.00365610981946
0.884549112920129
0.99302479602873
0.952801413000085
1.06851164264866
0.841252663546564
0.91825367872282
0.84913433985357
1.05807301450281
1.08580725485674
1.04775656643366
0.874257887797075
0.8482969919891
0.982961562033562
1.06179593200659
1.00216064264701
1.0382251266764
0.969815196333063
0.880761999957055
0.983832452303762
1.10624618841665
1.05872232921262
1.04761006193522
0.868385347639898
1.23937880466021
1.18652588577071
1.00367255551538
0.975057620017284
0.881645163652023
0.953760141154679
0.961950536996317
1.04459457351471
1.07222310052774
1.06536105926555
0.897818691229041
1.06516836955362
0.978788866545575
0.970183190174454
0.992861820471107
1.04800205139004
0.946758459709379
0.931818811408053
1.05891911283955
0.887942196748324
0.872928286872414
0.978705480826931
1.12681396315424
0.945978678937536
1.00886806152955
1.02030711192245
1.14641969896495
0.980715693530884
0.982517100167044
0.985350515640034
1.0159833911048
0.924557696903906
0.978145332609093
0.901143026043478
0.705169366230022
1.02937592541368
1.08522193301744
0.904679458792018
0.933838687653538
1.04114145580022
1.14338663666288
1.13796304204627
0.953260383015963
1.03758986799552
1.04277551249798
1.26640350363019
0.88685065254585
1.03198996132378
1.06524286184818
0.89352856356668
1.15108603951207
1.18613196403143
1.06755955952227
1.01283211437933
0.860826557455436
1.09567997173989
0.994449003228728
0.829835356188001
1.08203301655995
1.01074833121166
0.979057698967539
0.930455523856426
0.924710563798328
1.08006829657519
0.892257032188096
0.973272764688848
0.953675145278603
1.12713457663947
0.782820011727862
1.09794019936825
1.09362019254899
1.06527289215572
1.01473580581039
0.862941127767374
1.05062928898955
1.00262956763252
1.09564836819369
0.902141881011323
1.06958482946623
0.927143011024713
1.05159080284711
1.00706346464395
1.11774611629451
1.10309989876308
0.926618280753731
0.958294903792913
0.998057310723697
1.20127146963068
0.870223047861445
0.92000395248743
1.05799946668727
0.821543407274603
0.780677601290319
0.871243530781016
1.03278146664599
1.03747914647279
1.11042558472795
0.936911701768947
1.27165462743662
0.974045748987816
0.95648360806386
0.968935655494277
0.984353510849473
1.06608773947404
1.07370854898602
0.924261861890693
1.19487402985787
1.19164006951843
1.07374383210997
1.06770392980572
1.02295773706619
0.994262054143681
0.968327748892951
1.0859099793709
0.903157609657049
1.23872878289882
1.00263408459535
1.02900642902642
1.02261677448793
1.06259733125606
1.02048649579883
0.97378928878022
1.12135595150316
0.999761503131994
0.969736450728189
1.11110998927923
1.19274012047392
0.821268284078197
1.01991490796352
1.09175794602384
1.19395518711776
1.11537237339211
1.01614057121042
0.87068064779179
0.889796944815656
0.839119782815754
1.06486622883718
1.09198242326212
0.983572235282981
1.00634351649047
0.840831672130496
1.15449836860833
0.81436437288536
0.986437353603583
0.992861089780223
1.06423692610643
1.09982387379681
0.869640928446321
1.08866501365747
1.05821932216472
0.864430941763551
1.08018826161692
0.909878924749818
0.938583329408655
1.0184039831533
0.841176671479434
1.01432357254278
1.02813609482061
1.14891458772074
1.17216088054317
1.222046426161
1.17188522357893
0.819839365225722
0.98622041809655
0.988837906084291
1.00528552782849
1.00028164106466
0.88539529211111
0.914836283442085
1.22564130065393
0.95487546457749
1.12383022990333
1.16242393048043
0.926811094600902
0.973452187967147
1.05079248187344
0.925710694573984
0.956730532297146
1.19378443767282
1.08556363475126
1.04297152029193
0.959397143885052
0.897630832835688
1.02426875710458
0.963787994148715
1.10656241125497
0.961200975280466
0.945803325868364
0.893990316915294
1.07433311246651
1.00058420559086
1.20246940661325
0.931601440432791
0.940523303842902
1.00718488289797
0.97697549428809
1.17133200237901
1.1472177662226
1.02837386027408
0.964084875684905
0.934647416204062
0.864704434349321
1.03244220454323
1.0765775322938
1.18154064686654
0.841869561915164
1.00757449019792
0.970211921056044
0.951823089293703
1.16697320486686
0.957920969001555
1.20417983728191
1.04592428992722
0.981505703893361
0.984955791273642
0.893162377694488
1.08128344009716
1.10092120376567
1.19265323495087
1.14810110646616
0.964662124348546
1.00486638369872
0.910274054367451
1.07016845287949
0.976539618229624
0.893891539163561
1.01564735456681
0.926526954222785
1.11645925681719
0.90634468132675
1.18530938117267
0.831012502889675
0.829500097694401
1.06129668660342
0.96077745543543
0.942920905729986
0.920964223354485
0.925514278517825
1.01586413126086
0.979260988628501
1.05479374805824
0.978815793505149
1.03171368861593
1.02343196136661
1.0419705906094
0.733569810398121
1.12974307991693
1.07136363266424
0.990892160257236
1.02222747063937
1.0035259295761
1.0763804816647
0.890194717910722
0.977233748741508
0.905896968736027
0.934331366357169
0.9838768843498
0.993045609755085
1.05755887944715
0.906393731271601
0.99466289233631
1.15968533857612
1.02948974681501
0.823348830944048
1.00526561808843
0.997509508152925
1.06816355957046
0.874479732586738
0.902506194169539
1.05994085801947
0.970541689241166
0.831126855128914
1.06604978176507
1.05621763197063
0.918564619348163
1.03065790020872
0.924679895362045
1.04013576412694
0.994628830957662
0.975283590692625
1.07464380301722
0.881722373433125
0.985284085932338
1.11359413774711
1.12830407385679
0.967471700092411
1.1491910374622
1.0268307385767
1.02415084531748
1.09199886892755
0.949834832718588
1.02428553852482
0.78353436062067
0.975639767842841
1.00871321238297
0.999732894848442
1.03883687132711
1.02714118007531
0.920372519566378
0.918042186661455
0.936621999598781
0.972601792297308
0.908028945217793
0.952202415819782
0.943154719330861
1.11986463786439
0.868861798294982
0.939736471639574
1.05970781324516
0.953977355683204
1.044976275006
1.01250822820739
1.07505852205383
1.10471486560377
0.972750735775801
1.01944051754669
0.833656199717524
1.10229946577556
0.928195770090871
1.0624913867393
0.994652135247325
0.901237485538748
0.960181809454053
1.08383640311825
0.874516731278953
1.04681648110364
1.13286893479931
0.874722709550805
1.07064422669551
1.03028518424498
1.04536214880764
0.972317496726139
1.08166813820577
1.05048142613653
1.02503656344962
0.925485298697341
0.789017422044178
0.793847156693147
0.956167717743195
1.11210231146501
1.09850605949356
0.91855251185473
0.956729934861024
1.07821017816677
1.07498358951512
1.0005839131553
0.953424861649418
0.951855255102621
1.15099362453362
1.00633839479845
1.07430250130008
0.891480775407878
0.650280638974018
0.820671428200603
1.08074503141483
0.941268782258349
1.16319989048268
1.02985474307785
1.07811428661777
0.914786699615315
0.951621676836809
0.946128560607535
0.862850233046521
1.05450737452534
1.03174994382196
1.05280765158583
1.11585550340467
0.85225255672432
0.983776667154216
1.02185833303775
1.16099164199266
1.06306021741636
1.00108081161238
0.963019041397768
1.08340342265641
1.01664811911642
0.955214227858124
0.957877763645707
0.972340222335409
0.829406843249788
0.925463703549527
1.00775584121379
0.861035303842232
1.1732257388523
0.963311738941439
1.01436321461106
1.02356784140832
0.87639189597866
1.16661578196074
0.972452303117614
0.989002574652236
1.00618704530811
0.9682330519654
0.905938508145741
0.908169179070563
0.957055724390593
1.04458620353701
0.909923164348642
1.11744652671744
1.0493390709039
0.82064683249124
0.908363757167899
1.06041516673036
1.12100694804148
0.88459207879643
1.14508466652102
1.06162762174095
0.991562800090979
1.13978800620718
0.81269057333059
0.968965781666591
1.13539658357773
1.03509323796485
1.04287599418654
0.954744265111618
1.02642096081746
0.928944087674915
1.17087890380976
1.04873501969585
0.985149094598788
1.0492438711758
1.03624679423986
0.868837282541826
0.907098131766449
1.10859892748568
1.04417693385132
0.987807682118147
1.00473629999486
1.20903462592463
1.10883217825097
1.0468352245016
1.00419967923073
1.17653706202974
1.14190610448241
1.11739269909824
1.05950210869921
1.01777853985744
0.909349625022569
1.21338877895643
0.994133208944303
0.973166243083028
1.18683596479859
1.17392169984114
0.993233438434949
1.09980276702133
1.031622833912
0.980127408752374
0.975967124328193
0.885369644234487
0.869180337865111
1.00379298206185
1.05979436670235
0.908096731898873
1.08413708080729
0.899824003738504
1.0313591636611
0.99535755269833
0.946267408023328
1.04306765298729
0.919995187097615
0.993768125223339
1.05706847934531
0.831885496966397
1.03172675723721
1.00455646314181
0.95967277080258
0.869536881777158
0.990070484011015
1.06564908412957
0.984468293044705
0.92403717564705
0.996814090385802
1.16638829945186
1.17977449146968
1.03084315670072
0.672546754728603
1.05984905301325
0.984935779553019
1.10967344757174
1.05418405715297
0.950460879583529
0.929104688710355
1.07173838791074
1.03841335160223
0.968904143403808
0.884228286292766
1.07892432130123
1.00427147718694
0.841155081363181
1.11391740268055
1.31106510730674
0.904311452180964
1.19640471266357
1.05307318913273
1.05035773949727
0.958000030854138
0.916991051955386
1.01016099157478
0.931409852765248
1.04106304212381
0.915821732481855
0.842510507488687
1.04093866145009
1.03267932630395
0.917721086251027
0.928437794840021
1.03494281224564
0.977195279129807
0.88985412896775
1.11070347336115
1.15194957489238
0.89151070943666
0.999483015822449
1.08734286200309
1.17294750671615
0.848461270967907
0.979499089816395
1.12331170263726
1.0669377774029
1.08239601305938
0.879734200949076
1.18734675456278
1.19529348745891
0.991999634537129
1.01296065428379
1.03887003805381
1.03358682511588
0.983547001979921
1.06102029567435
0.851977974077008
0.945791209492687
1.10525170040484
0.834864272547761
1.13550255885549
1.27134745532377
1.01169100540843
0.943596783627178
0.942980234339947
0.921287781942516
0.876784064730164
1.17145170214698
0.973304585256199
0.945084336079545
1.02261580479797
0.968532090896289
1.08985630851083
1.0108975967546
0.969592966974991
0.835721220692856
0.890524452475318
0.900925589815534
1.04199832568533
0.957503812084025
0.937383914747745
0.815683789166024
1.03591758913418
1.0549319328218
0.992761859542304
1.06634549728886
1.18117588716597
0.980935146199714
0.970629621944042
0.982630022022965
1.01294004246484
1.02789466947732
0.902124033779046
0.921531479349694
0.987365751592347
0.937514055222656
1.0816478902619
0.891946631600094
1.07804043664313
1.03313623948583
1.1362694210989
0.832872350309949
0.945707301532602
0.800163919779323
0.983978802889795
1.06125236653798
0.908703484220329
0.901029689683909
0.978468100930526
1.00481006480851
0.932332366574818
1.05169664054026
0.950165698932589
0.937952424793179
0.981017483750477
1.18601450760554
1.00198059891328
1.03155331485222
1.19165923229209
0.867288201657005
0.96351778775489
0.959245440738672
1.062065862126
0.891720666543198
0.865859263786112
1.06485922919489
1.07767016238871
0.942555741939858
0.770771393554525
1.01037612779935
0.868052980699517
0.983545207059438
0.874080737547943
1.03138341886128
1.01628749498386
1.03830808695693
1.00676979019702
0.848083231449041
1.00426006156356
0.925901200639229
1.05352292396518
0.880870442589757
0.941514533760683
1.10937926031987
1.22498345269622
1.12329298612167
0.862663008673492
1.14750343229748
0.901875764372806
0.959732424540905
1.15827328726208
0.812928595118665
0.929331511517406
0.898759963661522
0.820342595164489
1.13958053599027
1.10292373510476
0.872373478859492
1.17033382049398
0.951831544927784
1.07315919096539
1.05047474570536
1.15054571806817
0.836840954289213
0.84587832961658
0.986632820097268
0.913738929259206
0.895538321843859
1.08373248451895
0.953710848967716
1.0649330149639
0.956425506499778
0.991834035146193
1.02573568241116
1.12657655705364
1.10349893901627
0.97201003621314
1.02947928340927
1.1152917326213
1.1462378228889
0.877644029273037
0.92651849245153
0.985582090401706
0.870114955393931
0.929318674056416
1.06437256798175
1.14726236115491
0.825820279448674
0.927826920549314
0.951608621298459
0.985631571469045
1.10279659189446
1.06322676308988
1.18439599859308
0.999779650998531
1.11121118733038
1.026917748563
1.10075549592622
0.911452449771249
0.955377161303428
1.23989821915469
1.10701523969249
1.15793244115292
0.922137551343602
0.954794751934148
0.921409119503393
1.06080900947505
0.942439790150661
0.982256299682895
0.963627320130464
0.85302569491242
1.38878744194568
0.925414530986432
1.05366095091568
1.0532802546551
1.03698236537254
0.830027907505864
1.19909359623202
0.871414209725997
1.05505844028285
0.867780061154811
1.18420837395455
0.897154962657004
1.05329468657619
1.00681223083841
1.00565309000426
0.94677486063091
1.05860508716758
0.879438705857218
1.11529522575556
0.920653025706415
0.870425336860831
1.17041202717719
1.04621341226724
0.943440115869068
0.934039483757551
0.982987933740903
0.855791372615699
0.963844401924029
1.09710003074281
1.0633139852093
0.890513000679453
0.795421282014092
0.952262492693555
1.04089815873659
1.12759086083223
0.978985895351621
0.801767532342387
1.06064965665772
0.963054317650348
0.997133130542229
0.932826146015221
0.983705328589527
0.916483251000634
1.00534922870087
0.820181042159242
0.983588707412344
0.78514431557028
0.977867238767454
1.09598446692903
0.930360195013512
1.09664079226454
0.961398805948098
0.945786556159962
1.05953891565598
1.04921565377533
1.16091943353051
1.06813975663481
0.896971482094733
1.14041622020529
0.890876353279407
0.930840048150287
0.906316441614739
1.02470899464772
1.02687657528101
0.932855918681538
0.853950277189508
0.993997700944251
1.07454665209936
0.74140022117401
0.903926753736099
1.28542834604683
1.10072560431267
0.883545369841931
0.944377335510164
1.05736172447579
0.959628076787195
1.01853371145152
1.31339700559915
0.944431118334076
1.00420161739039
0.854589155962236
1.14841926113799
1.01061488748426
0.861987781836647
1.12387072980631
1.12011256752226
1.01295884569049
1.16174260381565
0.863725603697853
1.06540976660472
1.01057317000663
1.13327978908518
1.08531156788702
0.946699245524778
0.991525381953303
0.968003610635205
1.09032065168494
0.930345833629659
1.05353346582526
1.06279269394425
1.00266589773775
1.12017612782989
0.764496608337601
1.02005649909395
0.847136801975853
1.16411407266166
0.826707126456638
0.89659899006445
0.925563616856193
0.891564777318102
1.01854615307367
1.20557773627338
1.18120206215746
1.1436923449609
1.23857150141106
0.965784385706945
1.08683341367402
0.920690700305077
0.759476072097321
1.07690063819057
1.10461191981072
1.07736057561241
0.9321186909217
1.03053255202981
0.990081555802265
0.975610467083967
1.03234194701195
0.926799171793
0.86595371157942
1.01727315076017
1.06416466252073
1.06245755146646
0.955349892654004
0.918178838112762
0.924698738026486
0.963096540938773
1.16058724188915
1.17794738827719
0.98657285706363
1.06247619979536
0.874388408549721
0.982354749712073
1.06256777879518
1.06788109860342
1.02398789058211
0.946002793714871
1.06391173916391
0.93002677978167
0.966963537754898
1.04822648506206
0.995206670875552
0.836464180863706
1.09546376616007
0.883903287015262
1.01102796231068
1.09684171350597
0.964483539595267
0.983836906996182
1.06224448973507
1.0498840941717
0.779278006317364
0.940607044048949
1.02545874390834
0.977471660197667
1.01029584541852
0.951634239157159
1.07899869557199
1.15955922621664
0.961741728354291
0.997796904022736
1.0482791839982
1.00460241945915
0.966384864620828
0.986113780096338
1.05308583893278
0.933011659405212
0.834061589502188
0.779203863591618
1.03859335459304
1.01119144171736
1.02537225704186
1.15003928675293
0.889239937700554
1.00664683160336
0.807877650997293
0.967751691389047
1.12727671214851
0.851060067180054
0.903808166059702
0.957758756021965
0.815577973271631
1.14347227507974
1.00948133874012
0.960756415279931
1.04443965143013
1.08460979662092
1.05566863110267
0.990207002993188
1.04032123311564
1.1350573311251
0.974658960017775
0.977686357440425
1.0041232504744
0.942346760637566
1.02521485907569
0.906960217695609
0.947012945532683
0.983379518705715
1.14435636471847
1.19389684808355
1.04536662790302
1.11084267015524
0.862665690253242
0.925821349951222
1.10037446634485
1.11871912637812
1.03929913997641
0.967722701395035
0.873168644078072
1.01871075044578
1.00939175617792
0.991711194182824
1.16239820657259
0.891578847683221
0.958029739982376
1.02162700553566
0.865940854538097
0.88846485503336
1.07386623421878
1.07975981268187
0.808855280379378
1.05946310117496
1.16418273341354
0.984379487477171
1.01695386042139
0.9360891488606
1.24322320651455
0.964584278107342
0.890786142428056
1.1101420844772
0.911668785140915
0.887486738682379
1.08848253230361
0.966642037416449
1.04749017007151
0.768631198651692
0.976841929238137
1.18091000257137
1.09013671094262
0.849656093990609
1.07149655530592
1.01853253623197
1.04121021805079
0.969180999200594
1.16036948709998
0.983779892409135
1.17634547581855
1.04909118895313
0.938606465024789
1.03764409896933
1.00089657790241
0.953233388775049
1.1676103965067
0.914427237479154
0.866479658100112
1.05778385798981
0.990816874815966
0.954119463675155
0.984211958945537
1.11118616803758
1.01932336528256
1.13898917060194
0.937033709044447
1.19309578720128
1.03080366856113
1.04158454800664
1.01736248120346
0.946809571634621
1.03658001174157
1.01519174903652
1.19992188983108
1.03347646663324
0.862046453132865
0.985706746794293
0.969693683742765
0.949497253345918
1.01796424990803
1.00924366847011
1.0220460257471
0.899982349099201
0.907572649404681
0.908492520394753
1.09966517779018
0.912623044419544
1.02012481949873
1.11064812115978
0.934740487460601
1.14310591048719
1.09227571883257
0.940069455672576
1.06796282125531
0.967025754544399
0.919167000547723
0.865709774317782
1.10661900147911
0.969353307221433
0.998279219626129
1.04162284907861
1.12257595272413
1.01201013202767
1.02323771390344
0.714564272573643
0.817365762469584
0.961720475513684
0.903098360975382
1.21681799351437
1.1061590132192
0.918927157698456
1.00791973963528
1.10973257430868
0.926527180450801
1.00427965044697
1.09148840923225
1.0017513034261
0.946812847070939
1.00496977744639
1.01861618352509
1.13582939701755
1.0622799687379
0.968922054600698
1.00929393117224
1.03984199089432
1.03073039839643
1.13606030509793
1.05928587292905
1.06504926852688
1.07173957801666
1.02656793472985
0.939592658575834
0.910396659927867
0.998268731001031
0.996681778074274
0.795906404825319
0.879227433491212
0.738029844569824
1.24972189065851
0.933916572026213
0.956770872168724
0.910974456538644
0.978714860485868
1.00334778449856
0.951051164950755
1.01288724271774
0.942673329285412
1.1447348437637
0.832850581161227
0.839158249370376
1.05119192135069
0.830603295891265
1.11158965247529
0.921731881070345
0.877100092458676
1.14793775580692
1.04096900412361
0.959917008354258
0.979251603965877
0.956355435539227
0.996596437025407
1.05279402573614
0.930467549189783
0.948778107306101
0.744870079926442
1.0432140863893
1.18468005103687
1.02793041722052
0.912743765659317
0.891136325869992
1.06966856878878
1.0630542933368
0.830814385006548
1.1115876448881
1.04118865709152
0.971722897014939
1.09438423652245
0.929864838784687
1.11501162003867
1.15751511661436
1.0149493129938
0.895972430494381
1.03917114660436
0.965208426008387
1.03843100419176
0.922110478626823
1.08709845027385
1.01115823799955
0.965272598039733
1.15229991376476
0.876343851511963
1.00501359171484
1.01968337305534
1.0971270477947
0.989503485043025
0.826244585893445
1.00226449884233
0.939129787685996
0.965979964024468
0.719312919877091
1.01530844507357
1.10126543832018
0.975266885455494
0.994262133661541
1.00467873555395
1.09661946957363
0.87981105502857
0.745463736542841
1.03458841599035
1.03007684284776
1.09609764434605
0.918305393061046
1.02243851689458
1.02745107720444
1.09462207980966
1.15681950412864
0.996753128023969
1.20431034309098
1.18855473254309
0.994161907221501
1.13169244348987
0.890108190560279
0.970408429689477
0.967137401143398
1.12450445838451
1.03435195718543
0.998047577304447
0.831313047330945
0.783043937148986
0.898557318750791
0.835382279086935
1.16946339464762
1.01307898735601
1.04619698890992
0.904959978212845
0.87363596865818
1.08523249868646
0.787102007672907
1.07047964852253
0.965641715751939
1.06045712349614
0.934100420946535
1.05470961278328
1.04379170912363
0.924036943954019
1.12261851479553
1.00430037208082
1.17029144958086
1.04775396644763
1.12128795645964
0.946872555852433
0.947478895747655
0.967959166276416
1.06244944517528
1.08281753255072
1.04795856582182
1.11205310049038
0.877725204766967
1.17944541320695
0.761245651085074
0.981712932413096
1.19872774872329
0.924310479215725
0.967759316736655
1.21928107802289
0.956348872766422
0.956949336162578
0.932417466915232
1.07281861244882
0.81699829925849
1.09402292023669
1.00370049522141
0.94435440796363
0.909043824725966
0.759719997696309
1.06910702719779
1.00950646393813
1.10394405312481
1.03507180699716
1.08293569513264
0.990332350947291
1.04055554893128
0.956412362178838
1.19889296280303
0.886753415489022
0.983287796226095
0.972262941863944
1.04152157144319
1.13440726192274
1.15343550377809
0.947394905488805
0.975959906408933
0.940845201854484
0.838608703592181
0.931985396466488
0.935323891805609
1.05350368463394
0.991653267647929
0.93596525895043
1.09538889827182
0.914738097384078
0.890279928453901
1.195075419228
1.06096423943278
0.901029007726328
1.00109035132293
1.09442336371457
0.908499500488188
1.05332324306885
1.07602487040348
0.937821527903779
0.966799821119505
1.09513885770659
0.930279960617329
0.912217811597207
1.16908571881186
0.925295104105313
1.04131573431498
0.984458389549879
0.932819041008402
0.960573126151858
0.930091069443078
0.806451750657418
1.03671278432913
0.974565067306254
1.17651342926517
1.04912411230277
1.00181288724527
1.14744753688354
0.994641007256648
0.650487025225688
0.951573513365363
0.956339705750862
1.00496327016504
1.15704485137537
0.971694414704388
0.889809571122463
1.01657743703361
0.954594708133276
0.937763825772797
0.905074699113032
0.955432886848934
1.03168265990277
1.00369651021555
1.16165137549407
1.08397807187383
1.06146423262783
1.11152961152106
1.00493660422685
1.07892590960719
1.05117322994594
1.23370554906894
1.0918647111388
1.12958582968685
0.9201655019395
1.20839067341723
1.09767377675941
0.956353066015764
0.853033937729604
1.02850363642243
0.98367082292595
1.05089375281095
1.0676137416625
1.05547227296875
0.966979426880492
0.993683104288909
1.01474331927796
1.08009001836045
1.05184125551234
0.996506754015053
0.936165880684649
1.05885832777072
0.952423426201182
1.05259711017204
0.969433318685482
0.950907135497911
0.987975885894643
0.938926614309608
1.11292428850412
0.963639022980003
1.12988990337322
1.08362273946637
0.692952482927254
1.00952246368345
1.00783978567152
1.06672179520259
1.10094237414388
0.884989174206183
1.02947837956986
1.03603686714324
1.04722113402891
1.07108712956802
0.907768157263368
1.21386464498448
0.956342830625032
1.01417656843584
0.941849568153919
1.09331258642209
0.898471886213338
1.013313541785
1.00329519972904
0.909292188779431
0.963604818714623
0.951953771275161
1.04193525605766
1.13146846814059
0.967532189464266
0.945769675262266
1.12089285456776
1.33678673428322
1.17564584349472
0.786071486296867
1.012611603559
0.978088984265794
1.12826190841054
0.977477987486868
1.14346852698083
0.946949049291255
1.11017649706042
1.04917449011366
0.942530734673289
1.0894297190182
0.881506922040101
0.939460258012067
0.851738562241489
0.954159845473405
1.02447584290638
1.10648706644134
1.16110742992982
0.925319996371851
1.25247176304659
1.10552649843928
0.933867720347919
1.05450455500537
1.08118861497088
1.0575525249029
1.14765510597215
1.09044587716631
0.852654272902209
1.02686305891579
0.899239529417716
1.05067521949234
1.11161373448415
