0.887176511170552
1.06375330294036
0.938263515544953
0.835743481409768
0.87042985357357
1.19078229281862
1.17619529850128
0.828972256694293
0.962258864107588
1.0339832912667
1.08507656315407
1.04991551472234
0.982096088591302
0.856438349671806
0.898257616334285
1.07588503433963
1.14667689864928
1.027190652684
0.9271206145278
0.892415867154768
0.935013676928359
1.1178919128606
1.04664745164002
0.968122823101091
1.01035128181566
0.809258208357628
1.01836238519142
1.17767134427516
0.783222932939854
0.980623673696462
1.09061045504897
1.02039654611816
0.891646086845722
0.858960298814544
0.987734326831925
1.08151394763449
1.00573860537571
0.964318829432984
1.17837932973151
0.890679249477279
0.869287036544157
0.975115579229173
1.03083442592901
1.06201316995897
1.17567982126705
1.00977129547727
0.951138375193208
0.881389033304161
0.917114058176242
0.969381712885784
1.01611293237288
1.04141236379999
0.812520577327197
1.07547367288834
1.09993114104411
1.07313215402681
1.05740223101196
1.14294211292262
1.04297424997936
1.03497924232791
1.07064886938343
0.802223463529048
1.00460245917802
0.853956906351991
1.05439613972686
1.03944330770608
0.927658978385262
0.946277862568662
0.985443113491845
0.712114784401453
0.990496748328726
1.12270108642724
0.957348809507001
0.960501892401225
1.12675605988003
0.922005368018642
0.948654061687293
0.891893411525441
0.925256168946425
0.873178455922017
0.878633379754048
1.09161874745546
1.00733355715751
0.94061855720845
0.864676813683331
1.23645408011156
1.01280196493887
0.990091911617746
0.96694800481846
1.05471679125704
0.980480519117361
1.0664190687582
0.942541310045367
0.949018029379698
1.07653968173418
0.970442034440459
0.876570386196282
1.04881467830567
1.05155324804433
0.926804154727807
0.933128589050426
1.00861854122553
1.12250999591556
0.855754637254719
0.75326434854653
0.972265360020444
0.96270769150279
0.878648043512472
0.984791388515157
1.00028694185304
0.816571156111162
0.873453017108402
1.15094185937339
0.932786534695514
0.894927298713784
1.02327997763645
0.912504061388844
0.834201887348434
1.16300485768184
0.814534005997184
1.12257993254693
1.09083901037454
1.12216770371336
0.98020375399542
0.880649980531118
0.766178544102833
1.01811387165412
1.10447708065216
0.917568350952719
1.02440236293657
0.905161106811368
1.06544351014269
1.28941190953624
0.778895086544794
1.07094419905339
1.17722248278775
0.838191635016583
1.10015173050656
1.08107477709948
1.15758206907938
0.877284463347209
0.878614073862015
1.00548456815983
0.92165108815047
0.761326432221771
0.890830323900935
0.977494474214316
0.918654276426215
1.05008369590001
1.11698004461231
1.01557662428755
0.956166296581294
1.01713159233449
0.882456252231917
1.07304262938637
1.04839039351078
1.00181329332069
1.08810072738997
0.9194983136543
1.09967272801832
0.979857296784651
0.869023170551139
1.00812353145399
1.07698564109581
0.883986178694461
0.98533365226343
0.926483693521498
0.87222953028611
0.970857615024279
1.10288253341499
1.15043221682029
1.00830481381816
0.924147281268339
1.05265180082061
0.875923334229582
0.803380295491076
0.900755289156003
0.98970000903367
1.24135054617057
0.958243296122358
0.997623317377715
0.949516373180133
1.04268411590997
0.975165605294658
0.934724126931846
0.957504004717393
1.01521858161658
0.9610778101677
1.00968248365016
0.97591147284882
0.884396433492853
1.04641996881698
1.18936204944674
0.983836758439773
1.09433025919433
1.01796129881729
1.05084021350048
0.921513359335818
0.851741019968492
0.960966751098372
0.98918784775463
1.00840116783417
1.08520449656475
1.08398306589066
0.869999680190088
1.10232094219972
0.967792976577995
1.12360614383068
0.934938616624286
0.937031666271425
1.12761912772961
1.0570663578348
0.972361592998856
0.876399636277795
0.922805831922627
0.980809246607024
1.06638292332729
1.11746203108939
0.935347867143172
1.028472812264
1.00170912949597
0.939771090834139
0.903212829099536
0.779701351201331
1.12584621905136
1.08239131907975
1.10866046499191
1.04230058176754
0.96272525454965
0.85510079220571
1.17083879740397
0.979779705784642
1.00961745924154
0.962705045549886
1.07818627726341
1.12272529708974
0.958382091067612
0.950676172849762
0.920721567213393
0.966449410877815
1.06609984034375
0.933575835575315
0.878122719565009
0.891093031907238
0.985307404105588
1.06896680872068
1.12428397628376
1.0469373266469
1.01094096937011
1.04337453648427
1.03261382870994
0.935823083083233
1.14813842010326
0.876708376600643
0.995080003971211
0.935098678277767
1.14102627918796
0.94583392136538
1.01387251315744
0.900482340801416
0.898089508770151
1.11578290027155
1.02927910621099
0.905547784695654
0.846241967639811
1.03380355835958
0.836674825639101
0.967577179696705
1.1541440462835
0.933720779753831
1.08834504558146
0.90530069799504
1.14713105969053
1.08111931470722
0.848968234178343
1.07379247145863
0.92859887396376
0.931538846728108
0.847009138029057
1.14744617538402
1.06455497292341
1.07091051936311
0.961826556160976
0.9609884593287
0.846325597180746
1.11470607784753
0.947604474651023
1.02701882291705
0.826405253868676
1.13048086252405
0.835155982110917
1.01316740475747
1.08144297404215
1.09110555360314
1.06856998861355
1.11632317508373
1.25210965529775
1.02959122014437
0.938759023213739
0.783782995885815
1.1820115652308
1.08440682341185
0.821832394651081
1.00516903737789
1.10657311549736
1.10085428845075
1.14809149320747
1.10389556288746
1.00056951992769
0.939317245796383
1.14199732457404
0.988124477963175
0.811550054032705
0.934151794340322
0.976551263479012
1.22905551914796
1.09227173863453
1.15808426992591
1.02018515292988
0.887195141475346
0.863705738416882
1.10801120828152
1.04020912939755
1.03281069330722
1.03566622981399
0.881362900026287
1.12922796120722
1.11665923532703
1.11795489205553
1.08080695320478
0.84964552161657
0.973788886757383
1.03150492798437
1.05369317228472
0.885189652559493
0.96850568581179
1.1234408532753
0.936914602663479
0.972040217011884
0.767795656332978
0.949722088135816
1.01900190640032
0.984240395865726
0.882988816130203
1.06259873653286
1.0389650202056
0.997639632469254
0.852202181477228
0.991831968857373
1.07215424223955
0.767147158247408
1.05708005888783
0.933330474237364
1.04666912283359
0.860833797773823
1.02932914848759
1.0549011732823
1.00275449605704
1.07421805262385
0.977615661047128
0.858748584995498
0.772859318620567
0.992896177068762
0.971126168016704
1.0237227531266
0.990065122389508
0.994229710164722
0.867112251422968
0.92829272348074
0.984134814169176
0.846185716686408
1.11734649972844
0.985215456737499
1.03145479392056
1.02505916337441
1.1647565078333
0.916978596013048
1.00166030311566
0.99214257781381
0.83139105363681
0.931374895809906
1.17206417154254
0.889702324632175
0.913920142083858
1.19892876677228
0.975508279524813
0.932088373151058
0.823747299001257
1.00266072055401
1.01859499899117
0.933217422059018
0.739574177866116
1.06823301479858
0.783867132551275
0.923687597569621
1.01072701834203
1.05355722220963
0.974840417270762
1.0327676970646
1.06740567879417
0.88448267047675
0.984356803989462
1.11000934018678
1.16943123743224
1.15151909991026
1.00210109243421
1.170820439693
0.975524826537474
1.00913511097908
1.11414686332973
0.902216949010386
0.91732469644401
1.09455348484714
0.987606797765214
1.12777108156925
0.981316640444523
1.0007580513142
1.10788906590323
1.08393941930644
1.027879770892
0.948593206468575
1.0422264244916
0.979470961291434
1.01704239582312
0.956985368526948
1.05533908357366
0.927795455904562
1.05401868540142
0.982107949403288
0.917129687329771
1.09031331240375
0.844100983760846
1.01663185934717
1.10703994836195
0.867685185093438
0.946140158069067
1.04834345170845
0.934125943267598
0.980500703830956
1.0009070297761
1.04170235857059
0.969962286668819
0.908312594851498
0.974289579852415
1.19438146505965
1.04949964935652
1.00536688937161
1.05213892818701
1.11788632731307
1.07561280174489
1.07753384131709
1.11737633752113
1.04847622463348
1.3180000723373
1.03114972755932
0.909364815960523
0.926210086723961
0.902712763826219
0.919474541969726
0.679218111569637
0.940502213321572
0.882562835775198
0.837622188558104
0.91362922576783
0.907568212719854
1.06346577769349
0.993639504382111
0.97446659177346
1.05489222894459
1.14943705330145
1.14883091488064
1.02302428288441
0.973728839545175
0.866877596021424
1.00498967707558
0.980537360479185
1.03180817005975
1.09441820323075
1.07136179795026
0.956912083717875
1.11313884929397
0.900812761849578
1.03655649255423
0.897418439885439
0.907125695387657
0.857746486690094
0.990164909216607
0.928470529504731
1.04352101948703
0.957558337203435
0.85920226643767
0.925829502929645
1.03726943029118
1.01234055489015
1.02537447404383
1.01141566087121
0.842368347576659
0.944846233216734
1.08171596008158
1.25444489675208
0.948479265918369
1.06805935480413
0.863611128487177
0.868909907264071
1.08484695570791
1.08380973844919
1.01273248129346
0.894167202893973
0.987161489617421
0.945270291060764
0.929230983387495
0.819210474797577
0.928570834946588
0.94997449005073
0.839691542471413
0.8734088097405
1.13721223807654
0.892993716963194
0.769282770981222
1.02124563206008
0.966611414809725
0.9198579905515
1.01495430494785
1.00522516471248
1.16581698388278
1.02997945771652
0.863091963799985
1.04100000405801
1.00550937432343
1.13019779113213
0.914890216238467
1.08507210316497
0.966120695319476
0.978676896480085
0.909714444055845
0.926206339858418
1.037370945505
1.06117465787257
0.99617976431847
1.04866134126764
0.896073341160894
0.979971180180502
0.99464748345222
1.0374470957836
0.860865651233842
0.989403184872837
0.898599789117726
1.08419373832968
0.997949534797818
0.977088986019488
1.13883907565944
1.01601262543475
0.951045431832122
1.13159141861423
0.974913535312666
1.02591365877374
1.03431883897265
0.943862290636005
1.01304241544613
1.06794387943726
1.07802209971279
1.08845549112788
1.00665141824073
1.04780400523034
0.916631743013185
0.854661936356332
0.938009745755643
0.991488673320507
1.22594126238672
0.847369903465201
0.908440209605103
0.924920638467562
0.972390577211657
0.899750387897485
0.998828519081502
1.02072721072216
1.04923594046392
0.884088404821648
0.954018702933081
0.899597434154177
0.879873033842996
1.03469520137709
1.06446798371805
0.871753268036856
0.944976762738554
0.98144897186143
0.942625309970357
0.985964387537897
1.02188004561674
0.919212643924329
0.895832662016864
1.12306336257045
1.14805562449294
1.17411350882685
1.04826154231551
0.90012755530024
0.824567560160048
0.997446627672451
1.2283962244452
0.888827698422901
0.945449616867065
0.918146584402281
0.932402350909403
1.03151915330486
0.953824924015157
1.05099119144492
0.802943991274449
0.923485274960268
0.889632504866389
1.03528374164795
0.970956640752714
1.01275538253177
0.801756965737521
0.921259637349465
1.12978175000243
0.916395734392699
0.900153247609477
1.00808093435872
1.01845169488173
1.01967711319963
0.871454406096745
1.07595081682609
0.938986189911129
1.14751374166881
1.03286728215266
1.04470029209135
0.936085048757586
0.829505414499426
1.06051233631805
0.939959190156337
0.864775362801602
1.06284986698856
1.0747827300999
1.00708595879162
0.985165365002073
0.963965328859015
0.965795075490516
0.807307785363203
0.94974899456434
0.987056484843427
1.12593403951702
1.04156543282347
1.13445556693725
1.12013115358361
1.00650808947276
0.900163442997089
1.16692129782556
1.20736444341674
1.01097077707521
0.941038102055381
1.0716894104411
0.973882181531139
0.879539441472639
0.897038800311598
1.12985261666946
0.965543432687919
0.784296388934305
1.04639304035752
1.13679198443503
1.0097244290978
0.912137913276778
1.02000355527165
1.14199029008633
0.902672017894028
1.11993184161603
0.843389373410886
1.04589054266822
0.869649227535503
0.935162558014066
0.981700930508657
0.937139488256116
1.00972096773917
0.934672023899153
0.906512797747138
1.00962080139652
0.997834843888432
0.96966488030143
1.05648909722736
1.0763483035059
1.00309774115634
1.04006895468619
1.08841989104847
0.983833879452501
1.13007542865237
0.970722169781488
0.936519627393388
1.16822138757857
0.92883493897576
0.848062306673226
0.857170919813024
1.18071439238998
1.18521643329688
0.922335603201654
1.10248502264337
1.1221594280937
0.885583778084641
1.11407117759176
1.05544476988589
1.0589060618045
0.781095603469599
0.940637483432726
1.07675592555198
1.0217194428875
1.06048837505075
0.92286251931818
1.08386995140028
1.10073133545898
1.01191585579814
0.98659825761038
0.897583587562886
0.825063439270969
1.08785633870015
0.883357360702624
1.10694934752407
1.11430088995519
1.08144850506506
0.838382319914095
0.924894163984448
1.02998551950621
0.882895561078171
0.933244976614235
1.18397495017192
1.01332250536686
0.881193957717201
0.944598545666393
1.02091237990265
1.00131399362342
0.921101341994448
0.989912069471057
1.04564168426652
1.01754435369902
0.940716044442801
0.997002560127922
0.911458708299455
0.948548674658278
0.989809284530591
1.06732241391349
1.00394022708044
0.812212345577003
1.01601671806764
1.11398690706747
0.858019719409517
0.963445751383754
1.06727294915252
0.997256621420307
0.995565299724743
0.919846382268488
0.807060407388994
1.19513884218854
0.915148152151714
1.25782717106325
1.09628540514864
1.07165366095323
0.842757616294025
0.99958288202954
0.922193455594272
0.907650099484351
1.01897901435393
0.872518849913468
0.913702526290165
0.881590996020382
0.983424382243879
0.887710263243148
1.1588652082275
0.811443335434061
1.05405702538072
1.11562052712969
0.941524211443107
1.06427736590082
1.15711088050035
1.00120377778889
1.07583084342411
0.966639594970158
0.998894522808761
0.859833186607623
0.889060721683183
1.10030571410286
1.05093369844995
1.01054843619299
1.06722998102289
0.996964258794805
1.08204048153794
0.987847003220808
0.958899942853489
0.981139311058455
1.36037601338771
0.850599704643263
1.0261926174707
0.939297528405052
0.914849018518078
0.951813056128003
1.20034329696993
0.964198899513084
0.882257896085565
1.00895143257041
0.957776763485853
1.14702353843399
0.97314810148015
0.965446871655167
1.10838694328175
1.15153762753837
0.955090610028835
1.09533401470279
0.907751761930109
0.864482678086914
0.897472291386128
1.06093670882463
1.07922388682003
1.12436051611929
0.996674277016511
1.11365956191519
0.929837335308314
1.01280026170324
1.0615530897728
1.00054477716782
0.868199767148457
0.873141863103914
1.08961782680858
1.00800931376461
1.05768840114645
0.847342023937328
1.09417561902081
0.958764949770329
0.986171227643171
1.16450943913312
0.991894862299653
1.20251471603362
0.881951771358782
0.858765243710689
1.07788143715502
0.900911400481978
1.03809787443042
0.92819241570073
1.01500161245836
0.875927838314177
0.854070286618416
0.928857489662914
1.20167956531578
0.960919777537913
1.05012272020299
1.00388603719426
1.14870344890383
1.1024544650369
1.07212626604124
0.878961818681715
1.13093771752147
1.09145755999163
1.14076255089081
0.877858634885849
1.05123484710136
0.95995434188698
1.10762240874188
0.996372910458623
0.888719503443682
1.07264552353258
1.02008381842536
0.790918177243371
1.00785571189789
0.795545719105999
0.993863894993525
1.04418297793125
1.0681377197731
1.01331994502033
0.793995186296987
0.95907441112335
0.919640496673554
0.961788978955782
1.01639190328021
1.13586971623771
0.82563769133891
0.997204698117269
0.922274725406789
1.00845642572836
0.945790387332383
0.958803047844171
0.947153944565736
1.0357113478394
0.937034866979921
0.885636803790648
0.921320657146155
0.979412064356151
1.04451164174603
1.06318036479194
0.846318256006809
0.998978111260892
0.980972935644546
0.969916698865574
0.8369505630424
0.886727254487816
1.00059067990514
1.01903073584776
1.06658808525675
0.974573705803727
1.0777858430477
1.08059821195635
0.854051496092958
0.847864583930156
0.927194081613168
0.917034019491983
0.930416947040451
0.708640967324679
0.923325748546672
0.946852655482557
0.900186671737674
1.02030433238618
1.00756016629055
0.820155171947397
0.958539658565512
0.985524544287009
0.918977529691316
1.06167873759944
0.928052308962858
0.760744733523584
1.06221879186239
0.974858239370646
1.06232871314671
0.879677552512417
1.071499374146
1.01338745284517
1.14331463306357
0.98440216626362
1.01667488448572
0.91168222090493
1.03154977233055
0.910802621840622
1.05406815237444
0.996211280822543
1.12818432276592
1.15519661203806
0.980609088785772
0.956899205018857
1.03289345012308
1.23904054948462
1.12339522922493
1.15145998859502
1.0598670814916
0.893293907966948
1.05806905636325
0.976919771415318
1.10849577846042
1.00096937761793
0.858368681580806
0.879992200847031
0.899200288495077
1.0194759044719
1.04643907012636
0.940546156140735
1.05818630424309
1.14747378539895
0.937748199525055
1.0051061736786
1.01599308691177
1.1332311882655
1.02186643350186
0.939371261735632
1.15527118593256
0.760857340249295
0.840652556972068
1.22504459694551
1.09781840758741
1.08103966566401
0.908316586897047
0.981684094438044
1.05122371469615
1.09483293151225
0.809708948150464
1.20260081272347
1.10212189899355
1.13544861494529
1.06738313723779
0.852510034161517
1.03761545893736
1.14014229068264
0.875807662772819
0.791693240611433
0.958037600910371
1.12664908262091
0.868035724954278
1.06554700403968
0.973734559530652
0.900707766154417
1.00168250543661
0.991746256470145
0.969256479451184
1.09820712131533
1.12889539604413
1.06338448191853
1.06428085059517
1.04072071588991
0.964858753944312
0.809926201816466
1.06971160068693
0.99799493406605
1.01638580708692
0.928162561523798
1.1742273718509
0.944913831221717
0.943391177798332
0.986328156906346
1.09066223558529
1.0203599564046
1.01602508937797
0.933684232191542
1.04591384637165
0.812303019867835
0.859405630959448
1.08906985144828
0.926719947806145
0.911902706900227
1.05247098899653
1.0190834879176
1.06423028899561
0.917437146745536
1.08574763268613
0.97779133354057
0.9444362212972
0.86377511286814
0.986192230727158
0.980063129141469
1.05963729969927
1.11213652849413
1.08871588111764
1.10191960574476
1.0011037178955
1.10186980927076
1.03819323318395
0.98829022540173
0.975033638914365
1.06160143169047
0.938066629045466
1.0161837063307
0.883386331597712
1.02318782085925
1.19099661671108
1.21375439020846
1.0389481165707
1.05359347116593
1.02453928281957
0.952701083347003
1.07872239029747
1.04492219709857
0.984349192755354
1.11349869206217
1.06061805344497
1.11592606168923
0.98390512899553
1.05723935471119
1.13488679770833
1.03798182638168
1.05313652425421
1.04779452009732
0.98953377899973
0.946566983674858
1.13720484295264
0.927105305808
0.945923057157111
0.905486687462064
0.91337294524944
0.950776904040435
0.995402741923392
1.16123024082484
1.05207963053611
0.99149706229426
1.07119765828786
1.14317449946836
1.04110383255624
1.04312777127896
1.118583829224
1.07461231434124
1.08875574083152
1.0846142073493
1.03067421878154
1.07309625705456
0.953199790598597
1.023130317033
0.996936896360566
1.07121067933654
0.865845711092361
1.12514405170642
0.971756546048673
1.1427996824939
1.13551463791547
1.01376732903818
0.919158563385941
1.02459092406839
0.977491879612578
0.974238308230731
1.04296320042757
0.945026997845324
0.919249024126157
0.832220910438569
1.01228925030526
1.08409688939484
1.00550787053496
0.90629406374302
0.929901742890781
1.17090533321418
0.877447192576845
1.11409007033652
0.92258704101956
1.04886737782383
0.873898679914218
1.06389064768298
0.885174600681276
1.07134764936268
1.1584962115434
0.808618706838384
1.17607067920177
0.918796759857072
0.843384117742717
1.05680223571578
1.16021168297203
0.871514331175249
0.80295196801982
0.982457777801065
1.1043584597969
1.0154817544567
0.873987009636808
1.04125115454139
1.00304644463357
0.872689568913871
1.10941199088783
1.04449178840551
0.896780672493758
1.00677742816043
1.09192218940467
0.968121714717056
0.912394141729513
1.04622637015349
0.983648273156324
0.949635558099599
1.06604140929248
0.860778725189573
1.14097493648977
0.967346794352462
0.971104131209671
1.00982642917114
1.06895002071882
0.902895717570073
0.988797689188793
0.905194784014485
0.93376608197978
0.855796404173627
1.03505984064368
0.986087100033974
0.938097933984001
1.05011481515694
1.02379383723361
1.07884505272353
1.12055196970571
1.00507200086435
0.822121665991807
0.969198883485397
1.07553446212115
0.893366092767879
1.12986184662881
1.06992522511891
0.875729495220977
1.06706837854654
0.909389455856126
1.01234915122681
0.973597732437901
1.05664620141738
0.963027092222606
0.960076407791816
1.05106580757976
1.08904667785869
0.958797251337831
1.08625538042422
1.0358054711504
0.998904625512926
1.0421806939676
0.985606178699186
1.03205607113379
1.20576986670438
0.927983783945901
0.892683972730771
1.14647419919555
1.19799039424063
0.967227874244844
0.828759052832326
0.866005711722954
0.94477544615147
0.977603897774071
1.02807219426771
0.844333235550298
1.09942284424745
0.864165258892633
1.0028158884652
0.878315909237632
0.997070965287169
0.894189120689591
0.94679241929216
1.08477160229888
0.979791128846544
1.11038265411753
0.900222346739232
1.01605915937991
0.997742021733098
1.07098064874609
0.964857116666103
0.740821679785234
0.970859788599048
1.03955075084367
0.867609168656659
1.12902354205758
1.02741498510472
1.08922392596159
0.845210907893042
0.851926729055987
0.972527210723506
1.01010505277234
0.882212209288812
0.961367505083763
1.11723828272248
1.04213908747849
0.962534008841776
1.03068275657245
1.07292676866473
1.01179456576385
0.944520472857381
1.05139548794138
1.01880633512694
0.862630097286928
0.877255616425995
1.09995627699859
0.897142120421433
1.0025549535028
0.90384434612505
0.852494864963246
0.834920404115245
0.982072849705177
1.05560408447211
1.08283410814813
0.82061067211022
0.869625612859969
1.04631160991178
1.02565550745267
1.07278454312426
0.988343691605392
1.12637133064706
1.1012660101543
1.16060350264775
1.01908853088132
1.10036216665796
0.929741188012159
1.00446539096623
0.847926928070415
0.854810548030479
1.06221249544989
1.00450759583727
0.972837666322299
0.781059463919949
0.984997523440767
0.863376593785994
1.01527265645497
1.22911426664708
1.15848064801298
0.704978948042726
0.880527841829351
1.11269439603465
0.799877623175424
1.06080633621821
1.11109690631882
0.904115484760866
1.04359611416779
1.01792049794822
0.923112664924279
1.07522111995067
0.873495279341287
0.984613548190108
0.807035390378639
1.05147683836659
0.94747785166145
1.07071043871127
1.07011931397789
0.709979975229615
1.01677805870762
1.14770913829828
0.910448247760691
1.11233523186153
0.923794179861877
0.917481268407122
1.02329010802672
1.04565234417503
0.896426586938644
0.987708947910928
0.859660710675088
0.973003770628437
1.06615001735024
1.1609845362211
0.968691993575504
1.05828420207769
1.07517110379617
0.816612648980494
1.17786677221795
1.05779146141306
0.914803873859959
0.915233936099636
0.949683009826758
0.925942006650994
0.961775618592912
0.96913035368632
0.997322026758535
0.98206426057976
0.860547126269945
1.01681011219324
1.01996896114214
1.04882977915781
0.909553859589874
1.09727851558766
1.11137676701612
0.820960883977556
0.911476994040516
0.982297824141994
0.931943872271197
0.905936844651229
0.895892879028152
1.02717874737277
0.801440962736885
0.891330089263033
0.864732130748261
0.890075478623997
1.13990094191504
0.865515833611102
0.947375213520855
1.0481300193995
1.01495037933247
0.794143196290883
1.10668570083086
1.05042716446954
1.13932086159552
1.000445165116
1.01103680119463
1.0560476575217
1.2107909090933
1.07236268847297
0.978546063076083
0.898656507373151
0.987739575064351
1.01452356531784
1.16516336353315
1.06552943820995
1.19640141478038
0.9050765207428
0.996566903579442
1.05396824232704
0.93497251791762
0.993387567500612
0.960602511990925
0.868849659437305
0.955037693836687
0.975364388404437
1.07073084413596
1.04775753509956
0.917472954630309
0.935409673087129
0.890326359357487
0.917349626246701
0.990704767122066
0.85031872411849
0.968524800111828
1.1458967246614
0.781594219269386
0.729528652480794
1.00560895423685
1.00493119993732
0.990822110669061
0.921041874553374
0.981355097161605
0.956979721535841
0.887846992480263
1.09322023362653
1.07471219699603
0.962652451206743
1.11443372999767
1.08069605076526
0.909163244425053
0.917702699373469
0.971754259001231
0.966316468896187
0.975788872007244
1.07989138890727
0.997389219168138
1.07991895557718
1.0977523182454
0.977216913502607
0.960309964285968
1.07058343401788
1.00782423928151
1.00585810376383
1.02981156418224
0.997755357717453
1.0082640034865
0.958821415936223
0.951155785736743
1.09092937390083
1.10588294469164
1.05919644140969
1.01420072471798
1.05444720142813
1.17072508341539
0.850394190722553
1.12336511784334
0.973658769206983
0.968195992882876
1.03120092998148
0.932296103373487
1.11302345711295
0.86771218602987
0.785628382396818
0.977148469742399
1.03975072554788
0.957663080338294
0.977135516569612
1.2915405114255
0.988133355811287
1.02791650530676
1.00543729635694
0.975083516388651
0.944658976500588
0.935687614437054
1.03644835930123
1.05962952836048
0.901640061276321
1.04003840005725
1.04362126304695
1.0247616357488
1.0029757298088
0.912415513198582
0.983278831073988
0.916078251942039
0.943207566950725
0.885616015395007
0.975271957531334
0.896508377490685
1.04598304894263
1.0027548156208
1.11019215771468
1.07102074888243
0.89672633401742
0.996843714166304
1.04736331308159
1.03643865932909
1.14250066881072
1.25360999720695
1.00640366852375
0.967035708219913
1.09675921079977
1.199343680307
0.860863407588559
1.05033144801963
1.13371517141639
0.778889720975097
1.05983306366034
0.960189359247656
0.982267189042207
1.18796540475457
0.856369813561497
1.09319761403658
0.964082182659459
1.02989022215361
1.00569301779259
1.01585721556468
0.992259876452733
1.04494903108705
1.0063090619673
1.0271952003252
0.96853530590519
1.0267755692786
1.03378699676118
0.87722434851443
0.761090408316587
1.10471376519214
0.870681985517273
1.06070106904262
1.01838929570821
0.854037487046762
0.986436033075662
1.09046717763374
1.05968270874919
1.03580805453663
0.927035147847242
0.783158359394275
0.88800659226661
1.1452474627885
1.10866979916207
1.03890065270772
0.923358407277177
0.803318773712728
0.847760568137281
0.895155458891883
1.02032140301248
0.827767839209652
1.07930407503448
0.849638892138915
0.821067697018031
0.810091894300732
1.09841361716891
1.13981887283622
0.971754388951229
0.976645760466834
1.01827376011813
1.01118395896722
0.990197691958392
0.787867133030119
1.04199529188702
1.04990129550345
0.897453730059963
1.09008412162454
1.01622269188119
1.02300381676988
0.751894704474218
1.01783341765622
1.09176857896725
0.930532289837488
1.2668483159339
1.08924428057029
1.02434663842565
0.895692402412414
1.09930967956991
1.05886021280923
1.0024350422727
1.1056037779694
0.987140780674
0.878138705717321
1.01583919568756
0.901449384218363
0.861610335833004
1.18781033747745
0.860207486307221
1.00752345529829
1.01861885932653
0.93035594568493
1.01785392792134
0.840696735151252
0.903825549108164
1.07497934623324
1.00325827906455
1.20992103090912
0.894061555237308
1.05662049650314
1.02222966675937
0.994798611557966
0.911926938839416
1.08532935435311
1.14123092200408
0.850795326731635
1.04787964570455
1.14791515041784
0.859761362785664
1.04959187465723
0.956162888218815
1.04687757473246
0.87006860630377
1.01948319141622
0.916264268810881
0.982921137283138
0.945851987623391
0.87108046235282
0.91189864019894
0.99775550942031
0.89251853594479
1.01528518310855
1.12381520868597
1.0324197905051
1.07515205982684
1.06299948496629
0.939976634762911
1.01418430831202
0.850126760790349
1.18626329604744
0.918233137204345
0.930206718061579
1.1446853663683
1.06004739451371
1.05232855446421
1.08488337357777
1.10008148029299
0.896475539562513
0.94952082118188
0.833841691966935
0.969642925504913
1.06839384155772
1.07559273503401
0.942431967346306
0.902635846541887
1.05137141189443
0.905765324331018
0.928173009845209
0.957695619208852
1.09501585753433
1.01734430537128
1.21099041297019
0.953732573334983
0.993854574543641
0.93114615547214
1.05628966762982
1.03973027828522
0.852935459860424
1.08227562702099
1.05746036670017
1.13259763140571
0.966200233091314
1.03042015607835
1.14231959673001
0.991023245352267
1.11374223614987
1.01060711840117
0.962141343303837
1.03240951194586
1.00807661452641
1.13512003283052
1.00683578555702
0.946802671598516
0.877695146320851
1.11772757881109
0.874162357172506
1.36738554658018
0.998731697418629
1.0806223499478
0.769376365714675
0.931726183600929
0.94155312659933
0.954880679982345
0.939819390314728
1.20023441326673
1.10352952329748
1.0811399370389
0.934902655965836
0.784131690069286
0.981599879387587
0.988161851589959
0.890833453270714
1.12147716106344
1.0808288380236
0.880728615309776
0.957312564237105
0.965797679244519
1.02677801116325
0.903440606053516
0.976178929787724
1.07706244815461
1.15973005903817
0.938433720661711
0.900013830829783
0.951714747422413
1.06386324794297
0.979594870074516
0.984690075714405
0.916074275555028
1.12393544554213
0.775097356719785
0.993619630930495
0.869012882014641
