0.993433345346662
1.01160217112092
1.15284039828653
0.881698056359003
1.01749923925648
0.894838304832922
0.939781271961117
0.95450533380824
1.09831986113387
1.08710071346063
1.05863898305375
0.954578836675506
0.943919648897629
0.939410306692824
1.05915074262114
0.885547977986854
0.959562718664875
1.0216925056816
1.04424888728164
0.829460624291233
0.973266973739224
1.07260992408853
1.06732170900701
1.03144315263933
0.808320653582454
0.894956318751499
1.06934266413052
0.974198288667932
1.15354281162477
1.17839190397413
0.924229011655144
0.954059830133797
1.0504134707193
1.05669796237534
0.800856194931287
0.941280885442096
0.980855087219204
0.896174257189157
1.11317066440011
1.17423318365554
0.844891371520982
0.994577972047344
0.861729440474614
0.932052159593776
0.994723559324496
0.826760724114083
0.948166773038618
0.98704524412726
0.940444691558319
0.797200018846729
0.848014602562419
1.1747203372112
0.921569845276094
0.986821420166497
0.946544400102694
1.01138583131158
0.853444116494805
1.18451087505287
0.996443234844182
0.861754945458397
0.968523576654982
1.07067704655391
0.950224586566842
0.896124959281606
0.913713668780599
0.948831540896238
1.00433322682623
0.962895611942609
1.09113128903783
1.10823062144214
1.26189973690446
1.15870510793229
0.999860607855781
1.14381933511111
1.09313413736219
0.953843870776992
1.00419583282003
1.07217331358857
0.939091796039215
0.933844457435438
1.17921458566543
1.02237796554757
1.12376622605475
1.05464850810902
0.999931527175926
1.04955705665356
1.04710091931146
0.934407077100062
1.03797613747569
1.09480532924871
0.856690986426024
0.825380633060052
1.02943598238906
0.879830237795058
0.969830681320781
1.00911514091818
0.842093228804816
0.921995958331847
0.982473060866889
1.09083774331318
1.05289098763722
0.898375828040008
1.05182774711072
0.98597148600097
0.891293667196035
0.984762025589079
0.977854166178255
1.20124300585552
1.01824995194447
0.961393082909392
1.0879742338364
1.09717875255722
0.800345252253299
0.883176492431788
1.15830046400551
0.995879461625959
1.05777639302483
0.938139429867405
1.00181194029217
0.976891085315273
0.918356513410405
1.08077675136148
0.975082081032014
1.02056205059469
0.969464089005754
1.02678476386057
0.959557329634511
1.10344845625568
0.923103491241563
1.05110779233167
1.18476264453975
1.03152992897828
0.977729939951989
0.859993694968591
1.05877938089219
0.883734358835561
1.06369071093669
1.01721319612819
0.981650190170919
1.0622998017846
0.942888268861122
0.852745619727725
1.1071524276316
0.997223135264047
1.06661489631037
0.978986200006764
1.03538123209527
1.3085406091079
1.16033698052953
1.05772982761633
1.2251271881639
0.953010787672259
1.06907976630856
0.972051335212227
0.911797348419177
0.921364490116401
1.12805931823043
1.00235218747311
0.816593865053408
0.908276550627934
1.06000392360589
0.980173254038632
0.955821616232951
1.10632754604897
1.10696178440889
1.04607699581941
1.12911144666107
1.03818595843663
0.943331017834461
0.997788466173114
0.947810859109797
1.03859678677927
0.855748114250212
0.814430492628683
0.885693874437199
1.03074940804713
0.998010658918183
0.756751729989925
0.940856511048381
1.12340908944969
1.00849711639578
1.19548966999071
1.12396865300786
1.06434905910427
0.885431562505446
1.14634248144837
0.964980686285751
0.982856036012086
0.93780467300068
1.22213454584092
1.01958494002396
0.904981117083754
0.844386777518595
1.03261404159861
0.849604271173486
0.887960330243242
1.14212974505002
0.814443352455224
0.924670705012142
1.03825124455504
0.982738733539165
0.854213285717714
1.08631856135569
1.06451948483551
1.0969569428465
1.05449405959531
0.904317809451541
0.922136682064314
0.994050965787706
0.932338544461025
0.994807190095341
1.02451923052217
0.908208237528964
0.984999660743287
1.19024806453434
0.990312831139984
0.97658805881631
0.921809120462264
1.04911632951253
1.03242721459114
0.915035392347054
1.11110308189797
0.915462098255314
1.051788644407
1.04661997319602
1.00778270108993
0.943264835625664
1.0928498123023
0.996505682585794
0.996746495028041
1.05333369583898
1.02335079631853
1.12350168650929
0.895744843382791
1.20092074207577
1.06146916180849
0.951449558320429
0.979741340769955
0.958917931091833
1.01943715567067
0.760672651256176
1.08772771013037
0.998114308410508
1.00417775756003
0.880533534336205
0.974701515509667
0.872528723702346
0.823303673463664
0.963504838687992
0.957793235846214
1.00885750128843
0.892530965892255
1.12306637691643
0.937292714511968
0.87852926054098
1.11937911886807
1.02392375172484
1.13352140304015
1.10813457910108
0.90019570301961
1.17368403794486
0.899942169373046
0.96823931911538
1.13271734035515
0.844915346211526
1.17662500252373
1.05876042770306
1.13513798899233
1.10955040037689
0.920021435556939
0.922201494110242
0.943480799663505
0.881912506794945
0.936621795226546
0.982437544594983
0.982269534047003
1.07193395736561
0.975207096230749
0.919086066120826
1.01108140723141
0.974139957304817
0.96389735930487
1.13322102998792
0.808002276602409
0.888316182680467
1.01007060619056
0.980553063367637
0.972326632649612
1.01845447024444
1.16987709025361
1.08702047883385
1.09590081239429
1.00024772847084
0.965318692501922
1.12272358450197
1.03973358404474
0.94926615095789
0.92536529366609
1.16855505077584
1.01201890603363
0.922845607152333
0.840459509915491
0.972393807481086
1.00736164868078
0.936417184636655
1.06632180964261
1.27652085797913
0.957754214490753
0.863282576488404
1.0802506385202
0.815637092096518
0.984680668087278
1.04547691952752
0.961085934922252
1.16072133152671
1.02454562939995
1.04622993795686
0.771336586596904
1.02461196504506
0.994986308491882
0.969208842003037
0.897110004784321
1.01341218853909
0.977800578340356
1.09410256847068
1.01527430940002
1.11936776251095
1.08265971337848
1.03876299807798
1.12925753602847
0.956652827310007
1.16610894789319
1.01932648021407
0.930640650145916
1.00529170548773
1.02835130788691
1.01517494602893
0.87175742484655
1.07140640962559
1.085402689281
0.966754092333055
0.975493492477128
0.898731521166864
1.11814526160269
0.765648633587394
1.13901544824956
0.99266154620358
0.995984169045467
1.10469348962616
1.06745030502806
1.12751738888648
1.04641777205197
1.12598291858675
1.01274477789242
0.968174146494099
1.03918411260052
1.07816795613367
0.996523865287003
0.940867968144852
1.09703949657979
0.854061505733364
1.07882922344579
1.12978187754364
0.955015782039692
1.05833061540655
0.934106050509391
0.910526800880561
1.15057321233757
1.10287754174791
0.98041812553016
0.897083402057738
1.02175654773427
1.01733024069578
1.03626526500801
1.07593698967427
0.954740965140673
0.960979990847263
0.886319049439712
0.828881804870804
0.888300021715117
0.948580168168323
1.17004597934519
0.994859617477552
1.0693200291245
1.05850713574512
0.907228893153726
1.08482970169508
0.988543624563093
0.955749048746488
0.821205852032483
0.955625441778548
0.958704484828857
0.841227015991297
0.837241740404463
1.00227675748879
1.07326745298513
0.939827464258788
0.901434129791112
0.944048957883872
1.24209836798528
1.04963848343808
0.994141111704351
0.944046075723882
0.969788419291974
0.972194965770384
0.767663795465929
0.968425174148223
0.970059230103741
0.845622182546678
1.05165519987416
0.965194062975313
1.00033437440268
0.963108234242705
1.04492580822677
1.07460330795056
1.1247205908376
1.08464150438586
1.01090335348208
0.91494450742082
0.97596559660106
0.98440287961826
0.83401107421965
0.833668160921492
1.04663026194435
1.2930972322471
0.976747160523001
0.927165448443574
0.913826578626618
1.03866914776062
1.03611442865143
1.04403158645678
1.09789455811006
0.875927879480826
0.986497902510319
0.894444227949858
1.00095921574088
0.997765805192775
1.05049629496783
0.956349733529019
1.24552367516206
0.858563358380299
0.77927812651596
1.06022031403488
0.917408385603675
1.13036066266037
1.10084908159708
0.954501030767858
1.10505865094913
1.09104921778453
0.975006446169089
1.2090886429849
0.994238579474855
1.03937401503492
1.14458035371594
1.05383651032388
1.1601287670828
1.03785752987512
0.976526249304431
1.10453805082193
1.06691702720243
0.997085890236642
1.22050391130112
0.837674210604472
1.03930146865292
1.0389674825631
0.95840837571076
1.13532547676962
1.08197977160438
0.938998916599443
0.989964106455443
1.1567416963359
1.08375429307891
1.12241347252222
0.841565844437084
0.923304370012909
0.977664408670584
1.0483306677113
0.927931014018076
1.05154467595462
0.98021499355257
0.97798080351106
0.975712033051713
1.03224341696493
0.961053970150622
0.875674087920391
1.04673598119604
1.18798899960497
0.939666518762437
0.844435691979549
1.15152394980319
1.23072741299394
1.07123095040759
1.00381984423025
0.916514250623583
1.17563311794204
0.811942176377091
1.02495283527641
1.01300311733253
0.997476743922212
0.933952082574515
0.986950501301321
0.731856976480935
1.12537671925311
1.06360679354688
0.96638015655093
1.02531184052154
0.945483652971527
1.04510607954027
0.874079222150452
1.02675657713202
0.815714248409799
1.10670308840012
0.97648726277246
0.931053355667674
1.05679983033265
1.00309100593318
0.754885900507351
0.942275085975144
0.7756937331516
1.21648226754725
1.04489258730399
0.998137753375931
0.890376716337007
1.04892504759904
1.19001319587941
0.957358745604132
0.818111361822976
0.856005265180204
0.817154247617119
1.10652204332678
0.838529161579714
0.979063748313497
1.0129508615075
1.18785876067294
0.954071983099114
0.899130392999995
1.17116608141173
1.140441533838
0.865211662649271
1.03269475822153
0.931558851985703
0.821552915681321
1.06958947884654
1.00222791754911
0.870388452374667
0.883613421168999
1.02451052665417
0.978047791649674
0.978151427863154
1.01304331132681
0.926315025912759
1.02728708956244
0.836291409709023
0.990392378624948
0.879303706081771
1.07374618949602
1.24634139357189
0.918382273705563
0.769722589971273
1.14925594224594
0.943569575795347
0.805517596054453
0.814833054888747
0.955032038434845
1.08828354260244
1.15032491714052
1.06281005412032
0.940248342083248
1.0524987022348
0.84530925759984
0.975762265789182
0.937396671581956
1.0830908447604
0.885015320726754
1.08834769806831
0.899670061186504
0.90078895148595
1.01697250448937
1.1690145235723
0.880229150519184
0.942099514561525
0.92813224881371
1.04798341906043
0.786011928482265
1.27654639855671
1.02307537532111
0.895719591005507
1.00264067569038
0.808784208620295
1.0680044101
0.96222493403491
0.964406191710379
0.958649829277352
0.887553110937861
0.896693487643768
1.03270881930932
0.925323587896215
1.04373298535769
0.965439905621855
0.857740882436935
0.940591013600052
0.906266441257131
1.03477216900695
1.03648718872803
1.02963066894079
0.900774526190443
1.19083222935504
1.00290849639297
1.02206049222175
0.880870821489731
1.07217480482949
1.04599876932617
0.91717373180256
0.977521152311163
0.988969388224011
1.12603258242392
0.690122641224754
0.764017711515274
0.921129012686374
0.742176595595196
0.91297008844862
0.966297334136156
1.23163048434615
1.13961554457954
1.06470913876186
1.09443060011825
0.931446017928197
0.935851884421331
1.0524300221072
1.10233810028647
0.916598882788016
0.92860445360343
0.864286996529855
1.1395178213619
1.10280142282576
1.09139531238389
1.05768622689658
0.998365788054761
0.870101276210753
1.01297650634931
0.988696735932075
1.14035648394142
1.03200285890814
1.0486317442064
0.846392424945528
1.1158764440009
1.01751235528223
0.951120292431935
0.917752777563162
1.15974874487633
1.04433090990502
1.04391293473192
0.999228647879502
0.870709206082287
1.06189893121421
0.889482187533928
0.911904108924378
0.915503052800466
0.875397677171283
0.882454351581951
0.984205765087618
1.18191791786322
0.961155390016434
0.90530826462914
0.794450196777494
0.927575007104399
0.987340059933116
0.985547096284477
1.19289739132561
0.957272196593405
1.10099573596243
0.848671495170152
1.20721580374427
0.934255842545877
1.00442426993141
1.13516937504053
0.994440641753416
0.982962187509554
0.998196213274145
1.17995326084089
1.02746488382897
1.06131012296091
1.11314846674556
0.862391017104245
1.00336727795048
1.17207802336234
0.955084789125682
0.985998792578199
0.979122740593116
0.967942992759084
1.11492668056332
1.00982230463345
0.947483826119031
0.946390345733924
0.932897736380112
1.09241830837866
1.04780533963346
1.01135637810491
1.07286303606507
0.94723509524827
1.00975031236331
0.923165082786261
1.05401273604685
1.11933099964375
0.960458780795403
0.945007755586651
0.853666337709045
0.781592823009068
1.10590261975977
1.04677494333689
0.92701904790176
0.961993575956667
0.917913978579741
1.0891505638019
0.956380331319333
1.16042868519361
1.1135642077265
0.968555720589182
1.03934647586777
0.815332297089579
0.973510009448488
0.902488895024668
0.941192536584266
0.970578478837883
1.0184623373359
0.77443747708482
0.825476920586543
1.05027135347344
0.874548538549337
1.11234011651805
0.823799373404118
1.17464938749572
1.05394897070997
0.852223252599509
0.849233809043079
1.14665594331485
0.877160947041169
0.919376298630592
1.14930162565725
0.999450129307146
1.03112834337249
1.08458035747709
1.04680682515301
0.917665832331713
0.894127166632041
1.07980164919453
0.845220831855846
1.01811905041845
0.99143104567269
0.969154937169763
0.957712277178128
1.25873127623249
0.929712457171604
0.907627780495417
1.09823350271038
1.06913937698699
1.07754053279744
1.09313994066266
0.911984804849442
1.10889678501325
0.982806983730172
1.04300052681126
0.889448886935734
0.929663355862712
0.971426141402279
0.948759833112037
0.985906277870647
1.19852021794044
1.0756560585852
1.05958144539139
1.01582389778565
1.15921040439357
0.889619510855824
0.938748520497269
0.938059442640155
0.802047201211255
0.850148395715993
1.16389933400549
1.09833085766358
0.985048498071388
0.956141877397665
1.04603426253141
0.982841126212267
1.09063513583814
0.961023110784878
1.06379137973873
1.04689358644864
1.15074484242025
0.925988418319534
0.985347779766573
0.929394239591962
0.825111689845315
1.08481332210013
1.00475100485755
0.800613627746568
1.13188062988421
0.858517726184782
1.09917320333233
1.07236188531735
1.03963633558316
1.20928593691698
1.07959712864508
1.00783354034725
1.0589719487605
1.18331810420573
0.938150153285681
0.886062205681039
0.951015490380158
0.972466405949031
1.1045465656094
0.854985540497329
0.892585857542311
1.03571101162509
0.952635193696298
1.0306533298165
1.18970354564898
1.07434433606661
0.854062742147281
0.974465331198559
0.838041885220633
0.846215567642428
1.0883740618663
1.22244700764009
0.876454421976477
1.23061129547624
1.01806488284731
1.06339094409878
0.930497078438014
1.0861533889843
1.13092375746729
1.12662257835758
0.961888411370716
0.912483813429078
0.996168477217563
1.06665760156453
1.04323581712782
0.959012434287659
1.10961587405366
1.0117107536527
0.763405325586779
0.957464502187369
0.927685213951555
1.06355024097557
0.985113715119873
0.932718351939899
1.08424415956085
0.933925956608971
0.988714727465986
1.26043894917315
0.793981121320094
1.09452695222111
1.01851348634373
1.1038661004816
1.07500682914144
0.77292287189574
0.969533878243601
1.04332850340379
0.94631022426667
1.04508136492989
0.88606750103987
1.05266449180768
0.871784047762493
0.964768384156757
1.08223188214095
0.932682626455315
0.848987366146527
1.02765169889586
0.983762202534273
0.854092822831328
1.09752019913542
0.938157062567504
1.11160696966045
0.946500368010066
1.01593829694581
1.18101510556902
1.08117278390084
1.00052115803529
1.08188466833228
0.989553397622848
0.936025759530259
0.972043370443676
1.07911015275887
0.897470823778163
1.01084149935253
1.06589102147925
1.10447030772426
0.951893625359867
1.01841124365495
1.17245361399696
1.07389760310303
0.976689508729024
0.926535784927624
0.984641500303967
1.12521345239668
1.12877663453246
1.07891475990564
0.981207956676883
0.948472486327813
0.879691605034018
1.01524917570512
1.08318882838147
0.973649591722641
0.79749414951888
0.963043609458698
0.892272831152901
0.978496096547969
1.05133352817342
0.926687676689895
0.922006449063594
1.00455942514048
0.8550605466027
0.933985421011196
0.852030951665692
0.939956987517404
1.08889277078816
1.19232167987138
0.787891473983183
0.898680480541221
0.890949373853986
1.08014049313754
0.978954650499832
0.926821318860346
0.901909829865502
1.09451182602228
1.00965680455099
0.903296363044173
1.03565086713274
0.866307216422384
1.06786565120132
1.11589659088521
1.01844016800564
0.93808835540776
1.20670944713607
1.24759115316552
1.01905980579922
1.09792220151943
1.07051777633707
1.05977971500598
1.03239672166415
1.14808701290325
1.04993650007827
0.897640725111167
0.88061933883397
0.926407260232143
0.921666349480152
0.942613798880202
0.896994369346952
0.911475614303423
1.00751257647192
1.03145756307852
1.01105899371119
1.03432952134678
1.0452914363066
0.889064203880676
1.02340417248052
1.02032685101994
0.926576817451237
0.856733350055829
1.0689200089431
1.09833949996114
1.00906422242382
1.03410878820471
1.00833375444393
1.12127501069553
1.18588415237408
0.968964906310011
1.0994366346176
0.794412075595728
0.986589550478916
1.17807380951013
0.872117816293544
0.971091193965329
0.949004231127399
1.2416425570167
0.851513546754703
0.953565874306905
1.00096921228316
0.90328064128421
1.005984864621
1.05796888716087
1.19491516432499
1.08577088809563
0.90157462729409
1.05189796821982
0.748532465541609
0.88050844367653
1.19265859491119
1.0140902616354
1.06131770073835
1.06446723521369
1.00593912563483
1.03082418759546
0.855009940592095
0.97406319961766
1.02995797095454
1.0302422998681
0.91723564799551
0.901040842586281
1.01185551731089
0.902297292769099
0.964567912753937
0.936719906971168
1.08172455120686
0.964896730223631
1.10964887679421
1.13820407100623
0.953733972800188
1.03962403759835
1.08257005914324
0.955543587524143
0.978337613214249
0.983777964151608
1.07169819765042
0.985845737811594
1.10832929340268
0.935946275466544
0.99910457690648
1.01279873738102
1.02453826885602
0.99545872128164
0.969113821859895
0.976027159628245
1.04045802892716
0.987952283178925
0.908903890256868
0.849557736295136
1.11226151986536
1.22380600390367
0.979477901713603
1.08596996910362
1.13463357371184
1.09636270578455
1.13463950300602
1.11485497210332
1.06133367120783
0.764464996973586
0.979759127369082
0.799315603295228
0.965521748283848
0.889855819087004
0.891388212899866
1.01531991146406
1.03942662757846
0.957105549392854
0.755183103202756
0.937492009071518
1.07292786337614
0.812287728299451
0.950821832257121
1.0586143906024
1.11966202949343
1.02604764941547
1.0988263015111
0.953659304255913
0.909425416586369
0.861130564478923
0.917508216817757
1.00446856751872
0.960273612098489
1.03681311986414
1.02583030044401
1.04874623575778
0.964335097301736
0.993827787167519
0.904115672969431
0.811137349414078
0.888082402050223
1.01011128843646
0.794005064314162
0.893287928846348
0.999798530043306
0.965031246460813
1.11263804254432
1.13332311604968
0.92938981971724
1.03771703604595
0.86671392931751
0.937909464537922
1.15348349671132
0.773243953389644
1.09141611742819
1.09981708504377
0.873857334840629
1.03749373828332
0.997792252344595
0.908400563401221
0.918340928899209
1.10598649215412
0.922182038062013
1.22684423776466
1.22424672907662
1.06493695690456
1.12943306183685
1.06756329946766
1.11228997228697
0.792723600366281
0.95642239443002
0.960016358230578
1.08692630638495
0.968169131300426
1.13024338745333
1.06037458941655
0.903731462658943
0.873165302948179
0.988879069038506
1.09249237391308
0.984265333360138
0.927898432956235
1.14221402638834
1.00824931074154
1.00376880268671
1.04936709598357
0.949114707031366
0.966715008566018
1.15454946306573
0.89027401843466
1.0668219654656
1.03594166905997
1.14902137174087
1.15985341617055
1.09724715196913
0.985767429684994
1.19349767422206
0.813110876772573
0.843746801113328
0.943786419531127
1.04902698586192
1.15100612234108
0.950750263617558
0.975438508018247
1.00061071250693
0.967401516572601
0.868202622233788
1.1110093418978
1.11241063029048
1.07751841546805
1.19994796574857
1.10337440139095
0.890869515421685
1.00340924895787
1.072172755441
1.11255830133044
1.01642325671245
0.961919298805367
1.0692078422326
0.995969329094596
0.953048110614791
1.19178595907111
1.03572890848674
1.07138246442687
0.860368988988895
1.05318924508953
0.968101442708041
0.908382220623707
1.01061772879574
1.02265718194963
0.87880651591881
0.881644537307741
1.09735803675598
0.939946822644936
1.00930684026088
0.798384503879742
0.944411494116708
1.06478584405386
0.964595380340438
1.00221994072805
0.824723742755834
0.775938907457263
0.971215182290551
0.876613950939311
0.765734677081607
0.866040186714661
0.928895596896802
1.06890242677831
1.02916418900485
0.93181556109305
1.04013182395062
0.922652431283963
0.986191204324388
0.884601692506539
1.05020342859888
1.04524758503729
1.05190325715741
0.888468031357138
1.01126840550597
1.13221758380716
0.85243749984373
0.892623470938259
1.08305440871423
1.01438861994456
1.08353167899275
1.02820047685358
0.932115845594839
1.0016795980353
1.00047669699183
0.984106756051797
1.09255300866261
0.960364710263503
1.05444250389123
0.966572510445999
0.86095327837018
1.08622040817279
0.991901484008387
1.04845470366229
0.769756305475039
1.12209209333506
1.01943940670038
1.05313017852026
1.00888446562408
0.985152578900788
0.910074298800712
1.11189041488199
0.929288002601642
0.919113998854819
0.900990605062097
0.930230543728481
1.08119447907133
0.942742206475293
1.13179505159903
0.852551238630529
1.09871361116321
0.940252960516937
1.10568566931187
0.773236188087783
0.854106559040193
1.06144482431147
1.04937699679507
0.981564118193412
0.920440130643506
1.08412100132301
1.03858833379538
0.899878298374943
0.803906291361567
1.04738564327051
1.00057464084563
0.922614073553259
0.834204768850012
1.01959537920636
0.903615807832603
1.12132520650482
0.76738287165264
1.04909673419851
0.825989477648309
1.03243879153763
0.971670676099949
0.975453107466946
1.08803217900355
1.03548328419896
0.951217859780859
0.985149036857682
1.06763331746266
1.21347232736619
1.04111602959737
0.837895298246451
0.797649874940025
0.983465284464274
0.967225326086827
1.14431024150283
0.887973486477683
0.951936077474881
1.00830770111155
0.884771786368949
1.10515210464394
0.951387757766376
1.02093227242376
1.02448671785094
0.980813022912125
0.919614189486902
0.991252198861868
0.733565959953805
1.15988465037071
0.963584656353673
1.11134770013503
0.98458633306074
0.909985144369664
0.897419478760928
0.837352191200584
0.992335840229993
1.04067586322914
0.899020479457493
0.897175745721345
0.808969730899511
0.985658748453399
0.9949551218007
0.850823344415698
0.958527148975607
0.956606407133028
0.994704016561511
1.05895611273303
1.01927107203125
0.836182402276128
1.00580149813107
1.0315053470253
1.03853685490936
1.06108454596208
1.14661112324541
0.873053341459017
0.890357779349264
0.832880543599168
0.927382896037
0.967799919798027
1.13373703470445
1.14512023363754
1.04287892639528
0.862033097253019
0.988504858194369
1.11956256749877
0.966002683819441
1.1694228186943
0.933303719602326
0.99135196769651
1.09236155714587
0.978961274123166
1.06662051101511
0.95718790114781
1.06551776157382
1.01037187804654
1.08106963584419
1.03483803019067
0.952534948728861
1.02708839273684
1.01022342255315
1.08794107303279
1.04636276065477
1.01695745741674
0.861826311420392
1.09673909211474
1.04930988936117
0.865828817314774
1.09615561135153
0.851216409320231
1.040756273885
1.11875316264834
1.07976981822617
0.967574271920111
0.9164891994424
1.03543492057174
0.92378994224499
0.787780564955101
0.870782714996171
0.889256671910139
1.16263571060611
1.03021306014566
0.80910211105924
1.13892063999573
1.07019199462703
1.13921181242299
1.02787897363009
1.19495835994137
1.00432029679533
0.965925743472866
1.00437367844356
1.06787591619045
0.909041863325503
0.758797374173373
0.836176448146227
1.16498660402395
1.1649501114886
1.12996158938851
1.02345880481901
0.868736926790813
1.03988887378965
1.01473193562385
0.790561319801545
0.904876054193355
1.19319981320019
0.988575497043788
1.05391560170873
1.04168995780371
0.853589195185853
1.05510196614307
1.00908986508746
0.964324720576468
0.829641065939924
1.05881936184787
1.08697359154258
0.888437543202764
1.09869189555435
1.04473311269313
1.19887647099232
1.09639949049909
1.08399353382941
1.12396925997416
1.00949501557466
1.01334921807495
0.930978770764419
1.12574261031743
1.0854635907451
1.09692833867342
1.02658200783978
0.873700818054105
1.02809576594223
1.05859427895845
0.930034457807882
0.994069684513914
1.1151059728163
1.06059192095777
0.802672743988138
0.9060963020691
1.11704413805491
1.14037461497892
0.96376289496874
1.18492645672189
1.07670760821976
0.952644633892245
1.07872897115977
1.07546083649153
1.02412954380985
1.01003956996765
1.00237944652331
1.04422102055819
0.970900064771455
0.941782908580304
1.11359532180971
1.09862992244942
1.01214181408597
0.98557176687255
0.772531872409369
0.867371281834353
0.812728320009389
0.864885441576299
1.183695599497
1.15719647823644
1.29401807570979
0.950225523322182
1.05853695588165
0.891026045357194
0.875622251922229
0.983694761042759
1.00189552137335
1.09958014000387
0.828545618489568
1.04999174802638
0.978475613322973
1.08811215298081
1.06439658942617
0.965429306491112
0.947888201272867
0.924789145577392
0.958848059617351
1.07214563653295
1.04039876846138
0.872139197954968
1.11205474162092
0.838485397708348
0.923658522325568
1.00267561491749
0.935461920329379
1.03539553846041
0.982689904775781
0.973801419249617
1.07243410319419
1.03252396741153
1.15686209135919
1.04952097378556
0.983438550160362
0.962318405109951
1.0781314691468
1.02451011073499
1.12186189344203
0.985489993348647
1.00779424819013
1.19204227634374
0.992559975405864
0.932322086319343
0.819809776827452
1.23670884991795
1.08820306384289
0.906350558750706
1.16611094397019
1.00454414122665
0.984976272736389
1.10095099581397
1.14165887887761
0.912293323073659
1.04974016117855
1.07497331013644
1.01564213462613
0.963501527227853
1.08378291471673
0.827466477084295
1.02291965409562
0.980136670993462
1.02548743128615
0.99006966950919
0.881252648361073
1.02665512429866
0.95732749268336
0.946495374518538
0.88655879009682
1.12917303512274
0.946211058212972
0.983478383582462
1.06287530930419
0.852836898839401
0.884516281513489
1.14481312490915
1.04904319731907
1.06148723916938
0.872295618255837
0.856935221233852
1.19687980297312
1.17438757675394
1.05927486487532
1.13293460138023
0.933377174712433
0.957075749702466
1.02217604299655
1.02738645492743
0.963900058698844
1.00558532864784
1.02990007378443
0.990056370246123
1.03205051436234
1.01963051807939
0.974605015286829
0.926878350844918
1.05536445130903
1.01271492350119
1.23439616847831
0.925370627941226
0.971891950057332
0.923536808657654
1.08562195808948
1.00481115226178
0.876747647948987
1.06827750451366
1.00780992987883
0.943570855372782
0.940527087620096
1.08502113572087
1.09696947407506
0.926396913378703
1.21552757397745
1.10469894193283
1.15682543331257
1.02982054290452
1.08109437345538
1.01765745904031
0.723995219801758
0.997245279701196
0.829427473326718
0.931555767498919
1.03476727791586
0.95050111055276
1.10972870075069
1.02883268700303
0.870525079141372
0.915460874052199
0.940715322802402
0.995948320320221
0.903401231527591
1.03236166064305
0.947087416231079
1.21698863887286
0.955234804753549
0.97339245389402
1.00851772183487
1.11859504899158
0.952452639701832
0.960364277522574
0.987909409370376
1.14005179817926
1.15530468706396
0.911489940338407
0.984937635554249
1.16541017594434
0.942840144379954
0.787191110502722
0.927645988390282
0.78489543282457
0.992922173185974
1.12473259036727
1.00493975078113
0.997026543760916
1.03368492259001
1.05203751715368
0.920036249514254
0.883248163415497
1.07329220984026
0.972263760848144
1.0003848026782
1.33128545968075
0.994687710541916
1.10555403678969
1.14055232577975
0.971175186617356
1.05227310141878
0.912182831668789
1.07571404648243
0.992597959808115
0.950881007893895
1.02966646279261
1.24141225102614
1.08894383686881
0.949351837351274
1.05435010162868
1.03928476367045
0.786790408620832
1.0787985039982
0.985964994514668
1.00247009465695
0.939984196518879
1.07559423012251
0.988062702547756
0.810228238860595
1.13033998260151
0.931927835123259
1.00025481477224
0.909494237636904
1.08217999058452
0.978644472778772
1.06762293961003
0.954019949520905
1.09129946257511
1.03479367458105
1.04851368424053
0.918659367560651
0.879330781302643
1.2026910857345
1.1378433032176
1.02820600710703
0.938418782757844
0.931326014208725
1.12439206286674
0.952246184449568
1.0507525190961
0.904476165942299
0.710503312906948
0.983050077179017
1.12472171309171
1.03174484057587
1.02845462718901
0.943291053932794
1.06362091952569
0.986891252872947
0.962014551087233
0.978127974750471
0.973004210005991
1.13736610814763
0.841849164296564
0.972401338189206
1.19047473766817
0.984619796130426
0.909069524565144
0.962454573310907
0.97455953195177
1.03095892145313
0.970409101929292
1.165758452535
1.10985025756512
0.991305956463695
0.967249048299143
1.06204990879372
0.932539198464136
0.891065006311448
1.13130349455789
0.865627512592723
1.13114022609448
0.965444082983899
1.13484036829333
0.929021103211455
1.16851108821197
0.936248121262856
1.06592023782291
1.02720754006142
1.0689606752495
1.02114283865672
0.937002781769841
1.18624901768461
0.892286766423961
1.00885957133076
1.05991017119062
0.871708185126832
1.06791533922273
0.863955997238119
1.00282380857577
0.805096935679815
1.00165235185545
1.06001667607445
0.97046194850012
0.92830957518658
1.07750943095397
0.9600030307947
1.07260297831178
0.942670301801048
1.09075412983251
1.00548635149032
