1.05443601286166
1.14199985990089
1.19216558337035
0.917557296624339
0.976012961878659
0.950609129776122
1.00844265512111
0.991670181026084
1.09591258117113
1.03629226213957
0.949812192144504
0.941514184119455
1.06491815744723
0.855810707376054
1.02956899047176
1.00296573533448
1.02799327113478
1.16277345904847
0.975725512334499
0.869770783645819
0.965617618127571
1.03593171885703
1.07682551187957
0.955209256296952
0.959620446169858
1.04996733490667
1.005898134555
1.03292082221258
1.05275749118906
0.920656287940733
1.03288201148587
0.867294398187926
1.01513142468444
1.00252818908173
1.05973817948528
0.905785896945762
0.970867372218048
1.22050023940181
1.15422545539697
1.13835585471041
0.915807068061745
1.02102830184075
1.06771060226001
0.912044246210753
0.994420041160001
0.875403112588421
1.15493504698725
0.859020717258167
0.968914487254485
1.10920049949761
1.10307695766746
0.822226650412266
0.906250997156081
0.88989370856526
0.94521063404283
1.02660199740626
0.981373014355516
0.952846065694219
1.04893406973133
0.958927097723162
1.14614656815838
1.11219942473598
1.05261504125712
0.978947230130667
1.00485358674187
1.1593668020088
0.923520487641465
1.0291243861325
1.04317561324401
0.916966613537429
0.991853530319906
0.98349227732633
0.751724373996181
1.0249259433241
0.864376498120658
0.85794681436692
0.945613102145912
0.899185150761126
1.19362338609951
0.96738977507412
0.994239109608956
0.978161534675833
1.19019254767203
0.928414067134912
1.03452757431111
1.17055432313033
0.90975779619781
1.09623152411625
1.06562862059106
1.20812348579967
0.997825974613435
1.02701994666268
1.14216451892614
0.903736110696683
0.894787584711745
0.916177360408007
1.07802672926972
1.05613368912974
0.908222676015936
0.871297829672331
1.03312122744092
1.04536678243372
0.979592709322288
0.923908679797351
1.06862338613947
1.04915403102063
0.991558178323027
0.80897898088649
0.911473775087063
0.950249225675437
1.16815132557901
1.18328350976908
1.02830562235693
0.926985552911756
0.922952360890109
1.08164054495426
0.952619519473083
1.0774228762981
0.967578438599473
1.08647192720512
1.00864758071214
1.06561248477267
0.912619946900166
1.04464554664394
1.01327826128922
1.04364033295085
1.16544401782242
0.95248881874226
1.12955016120643
1.0432208373981
0.941722094134451
1.01290818574819
0.937516937053484
0.87119460574666
1.11275794285634
1.12424821381191
1.0844067331222
0.906836496799701
1.04976375375595
0.956091573210526
1.00565074866384
1.08651471025736
1.03759671569563
1.16803114722774
1.10032521170027
1.07770731979728
0.878626648670449
0.957033150271082
1.14630977982477
0.86230641482192
0.978365637137406
0.924750609796573
1.09143589629139
1.00739596064424
0.911269783478943
0.983323452940141
1.07615012988369
1.06416349732515
1.11265022221508
0.944768370033069
0.887452591856575
1.02063577892688
0.945759617306822
0.944089785794781
1.00635811647293
0.932887025248447
1.00781486956171
1.02638013499634
1.08775274808435
1.08727526500712
1.11708449165728
1.16041137590952
1.12022802028881
0.909672045128556
0.921743919145815
1.19672928002528
1.08425381626244
0.956464332630707
1.00066575549184
0.90022414848355
1.16428614841703
0.980062237796113
1.15017492137496
1.07149943853408
1.07028325477736
0.93878001549366
1.05748576531463
1.01115156883772
0.993881177099124
0.974411695756693
0.911158764138293
0.958963452006475
0.933855886176744
1.08444352466762
0.889170893953184
0.980841245138174
1.0501300583264
0.998489072916691
0.999307841463852
1.13543142388717
1.10604497749181
1.06502901513269
1.24318611811787
1.05885425629485
1.0454803896175
1.08380401848033
0.970411336663707
1.05144420934675
1.02357408965201
1.10579962390611
0.880971281146202
0.912856131541196
1.02289954590094
0.95942906456326
0.94567361163101
1.20919501395856
0.926450237073313
0.984863317391198
1.00760629249197
1.32095908044583
1.03489927547806
1.013708709607
1.04166300626636
1.17281719759288
1.0942363529354
1.02391550412794
1.10743880540869
1.10115693859642
0.979304877628581
1.02342896711896
1.08159903851531
0.985711041851619
0.828415126888959
0.921051815362276
1.09417806737153
0.99025368087947
1.08764417432963
0.921415205063149
0.974282588754288
0.981795708739995
1.17033847793462
0.869319035882802
1.08132705477744
1.04150102439336
1.1798276428965
0.84989625584712
1.01499276389409
1.0648272039711
0.997370969331684
1.0510579672394
1.01696351126861
1.13167841051868
0.961003214494499
0.993710839470252
0.9743388270614
1.1082450605076
1.15640253270353
0.90378605411752
1.0161024723768
1.20385192718557
0.77653156621024
1.18505594205179
1.13614345231176
0.982654594696716
0.874409940665917
0.959041589163397
1.04420578424873
0.781065060520578
0.982148919538507
1.04669352094467
0.990565864621256
1.00512113424935
0.996181930130001
0.947163619117856
0.976381276050013
1.09899782861237
0.837230940372421
0.956000345894103
1.20143670757105
1.01633549727608
0.833856330657246
0.857709793436544
1.13216577830902
0.73990253596292
0.937254782650358
1.17045060714437
0.955621264188078
0.96358583002087
0.934722520880094
1.05885547387728
1.01231702219871
0.956341566645198
0.951609137605062
0.988153739978827
1.07565219262027
1.11917994510176
1.0015223857982
0.835762429659476
1.03329710215281
0.92978961285109
0.973710124835805
0.980660909902231
0.912799235465084
1.03919042356949
0.926821369931105
1.08102380879711
0.979669400220801
0.887340776269342
0.969810269502887
0.824632687117319
1.01862319560653
0.925772199677169
0.965846832385187
1.0743252477402
0.924588995200052
0.949761035939174
0.865090160482336
1.09309028635471
1.02841356835577
1.11719193509335
1.08343418145907
1.06872356601079
1.11104692545322
0.930134368114266
0.90038129352237
0.804348096874473
1.01989223787558
0.841867887991933
1.04355679899165
1.06102032877125
0.985788488048715
1.18694527603702
1.16547011980484
0.956340646158204
0.946962211277629
0.938673216694192
0.989396334880498
0.978059643506318
1.10732150131625
1.02734378014252
0.744953948182773
1.03031036230613
0.874545397907768
1.07419257412756
0.895393388849923
0.920109076678374
0.986704799270055
0.989957183846716
1.01195286636387
0.882249186326086
1.00393700224075
0.848254767746638
0.997233786230949
1.04114072518309
0.863304447050707
1.05527876374841
0.89951441543046
1.14109292173123
1.010085705501
0.983277806343422
0.869389534365415
0.955066309836628
1.1801367543317
1.09632289149213
0.923032943973255
0.944161861073972
1.18478306873245
1.09992272315433
1.04510640827009
1.06898219552939
1.34090614298901
1.09416491260294
1.15850046263632
1.0328693959603
0.939132415624294
1.1110609069162
0.849589314246814
0.965928585791922
1.06566769746135
1.10176186495831
0.833495617488409
1.08373217106446
1.07180837818143
0.970493186250759
0.942660047047959
1.07327463306752
1.09124536498999
0.916674263750811
0.968094002764987
0.980113450465807
1.09965799840606
0.885543517680788
0.999566637558956
0.991085599695735
0.96685598851274
1.11122854620562
0.956368272435932
1.03781761608201
0.991604688544959
1.22186923764621
0.978172073394795
0.859528329239252
0.89823731493385
0.898413645790539
0.973414848828503
1.14610037428961
0.902554755588064
1.16075766151482
1.15623433190962
1.11686883182888
0.992714493274768
1.22331707654377
1.06979349309351
1.06964473720264
1.19176304197562
1.08131934081987
0.881195546837986
1.03095071134992
0.955550978752899
1.05559031863926
1.07565352415966
1.01386240520586
0.925974891148445
0.861608555113676
1.0592016971383
0.967726030619329
1.03290793905166
1.01806247129561
1.11154719937945
1.10141586571098
0.940659421054831
1.19308490699548
0.948602162226297
1.01490529392118
0.969015396523877
0.97496218067248
0.975757764154255
1.03002008598138
0.899617851713301
1.13094549842307
1.05328434256618
1.10948679895702
0.989681637269384
0.884656699842134
1.07295947726325
1.0856121354496
1.02911275955493
1.07067446220031
0.916259566429061
1.20139885476615
1.07768669570122
0.950247248829647
0.891318822979671
1.00581031035674
0.930354668954635
1.0339489562925
1.07340303219064
0.862183745693981
1.00149824013125
1.06039557674564
1.00012559276354
0.924613456062412
0.97618403807353
0.99302773481364
1.11397615704208
0.871835638026894
1.14084480940959
1.02146088802357
0.998666373817248
0.914975812575525
1.00878952826779
0.917051491720532
1.19013792417739
0.79239975274437
0.961455740867854
1.00950773617125
1.10679144209491
1.11167977355475
0.897567851582414
0.941023515889076
0.975418005073231
1.00693367903513
1.10157523751328
0.831164921076899
1.06159620947556
0.986391661748563
0.967463658658225
0.964264402285893
0.910283794376069
1.07428323122419
1.17661394841028
0.754570757595242
0.929058487559205
1.05909564060514
1.00002334238594
1.17395877199119
0.939550431362367
0.981055793346927
0.882192093161314
0.999413099085206
1.13152508164748
1.01280646183997
1.13218779001826
0.797566146909956
0.962893144030234
0.928394574876304
0.872933657133216
1.04975781499487
0.87442069210562
1.08028284457571
1.10055691770988
1.03495970139286
0.9721785719325
0.881452729746209
1.1450757576415
0.849911019252971
0.846490731383038
1.10670826394686
0.857840776961968
0.97984358706271
1.141094605746
1.01542762374291
0.999839697801289
1.0983365044063
1.20610287897498
0.877925351532824
0.928875878029158
0.958358760880864
0.879105212607212
0.966940558320772
1.05556032316434
1.0180439345448
0.962833783361132
0.805866528105241
0.931861357968614
0.999778903154647
0.89668796677211
0.956057426307598
0.914346434032435
1.08751196237556
0.952337403177775
0.93418242452136
1.03538236486876
1.04169087022344
1.06223482320835
1.19442708021154
0.993019418679339
0.982918956638322
0.988394622842408
1.01105883502146
1.01884747283488
0.986056914880128
1.17883561971208
0.986688525273018
1.04020245540655
1.06112294522787
0.91229142640758
0.898228980820071
1.17423141991067
0.904011586242921
1.03809118656171
0.959024787884299
1.16990196663435
1.06511478533999
0.840851615329544
1.04198793469581
0.940513416532598
1.0428955591194
1.03464720232355
0.97694590211333
1.17279479449756
0.913851099567864
0.917099478689381
0.787939970544667
1.10952524815962
1.02610242742121
1.05161606073096
0.988907698657766
0.97348535252393
0.924164777551686
1.03526469205591
1.05126534862768
1.01773763761886
0.976195828402474
0.982568384241548
1.00761399519267
1.08398308821259
1.09576387509847
1.09874439129762
0.980093956210308
0.916170618030136
0.981093239479147
0.978687678209512
0.888260829730402
0.866967859643878
1.0727074503265
1.12861392152571
0.91867583565025
0.986546249153647
0.991038903913651
0.804164143484914
1.05027677999686
1.11796948475158
0.986449984777801
0.980663095324615
0.860074264930867
0.981607502147182
1.01018695254785
0.830593343920449
1.18651843128693
1.06627449411225
0.843645579494142
1.06410713360697
1.13430931148325
0.926503147486532
0.825659299480502
1.04207006940532
1.09782324274254
1.27255947298045
0.960805388333001
0.957173296741815
1.29851187724157
1.01890566297744
1.0662436024781
0.994689672430095
1.1622038857822
0.809819497832469
0.921071937180435
1.06469708895591
1.09461017334408
1.08971914355819
0.908945370869899
1.07182918419629
1.13376668261609
1.08638243406992
1.09276533867377
1.16037068585204
1.22026106723161
0.975565775041005
1.05558513410176
1.02777683400527
1.05473749177514
0.948290094532535
1.00179553973259
1.00876868602224
0.994419654947741
1.0913224789576
0.945908508061994
1.11947841291127
1.10351987446558
1.02233593653395
1.22082246901655
0.961583594212987
0.795646332582938
1.07338432177967
0.856666266209546
1.24865315160558
1.05334435376504
1.00323557975211
1.06373787899825
1.10327780041896
0.982672734071325
1.0098294330292
0.875344758838707
1.09833733958431
0.918372635617954
0.948514282446871
1.11380537709298
0.970352425785764
0.950370845619194
1.08765770679465
0.861401646467433
1.09549382931855
1.10900323850013
0.90099957623139
0.747037887670025
0.98110995140029
0.954755143462443
1.03977158011863
1.02576946678528
0.905136446689709
1.05603406693543
0.997723869838623
1.03546324422807
0.921516756138498
1.03276893576918
1.14015698373451
1.15582090481043
0.935824285194067
0.854977054041027
0.972714855349054
0.8644946696653
1.08913170503586
1.1643873585991
0.752960527994285
0.883720184605821
1.05334637620929
0.945680794958501
1.15283101412414
1.14531123028245
1.02179240292668
0.787362103487935
1.07706893154114
1.06105669491927
1.01088374087249
0.890792500591277
0.912338080408463
0.893661316105844
1.04080004993376
1.04174002441546
1.01618376482536
1.09682377252045
0.971725937487741
1.02901186420917
1.16723327939423
1.13680141073072
1.07259069968606
1.09505940382747
1.23955239138022
0.973241667683677
0.979542526826284
1.01984063868466
1.11556207075217
0.836013603675657
0.914298503356167
1.16286501554581
1.04231039670928
0.794868840805953
1.10263513125348
1.10874082334707
0.921665132979608
1.04893600155965
0.847992885650756
1.08654272820652
1.04406080969539
0.922861813441206
0.944720969676544
0.922288618712908
1.07618261766347
1.1096094381085
0.97953210791413
1.00803690734161
1.08188963065671
1.01556602064022
0.900451177564341
0.769292039758698
0.869646419178501
1.02477014115771
0.896687353145122
0.936822626654813
1.05660317008874
0.786206382935974
1.00799946778146
1.10780747949806
1.12508370282213
0.971528993588238
0.996988855131898
1.08081835793359
1.18740020992455
1.08858149808552
0.871190305446213
0.955254097238686
0.98042194234331
1.03351418924665
1.00739133155094
1.02736613596475
0.872544464847327
1.05166791721903
0.85729520959529
0.872790251462548
1.06726951841063
1.05032426570243
1.05202797019873
1.13234454846822
0.937162980551922
0.973162548330107
0.930964114391006
0.974226652374579
0.95631742781813
1.16796713457109
0.990895647223855
1.10086600998405
0.986046244323294
1.15412246543177
0.926580712840884
1.04536243382495
0.851221445337638
1.0624582927192
0.92034314334052
1.19024227187848
1.14801517700908
1.04042870310172
0.944688030036459
1.03006413712674
0.929190828011379
0.917602051700141
1.16242939534411
1.10173592826135
1.06768817428764
1.11275069825559
0.991295069268907
0.977670801407355
1.2187434650101
1.05592205250357
0.987819035649927
1.05655166341392
0.984946903870654
0.963120716488685
1.15081379222362
0.995296919030231
1.09802147385323
0.941933148752137
1.10709155138105
0.937488728257667
1.23379031900058
1.14170504843511
0.825820478630578
0.879034171343184
1.07607006857515
1.10969031403183
0.96286811485985
0.994109195211219
0.967182810265998
0.951153062832645
0.886957562187953
0.90512690181354
0.969031240840198
1.2655056483966
0.980763367007974
0.944442133990445
0.866291178373905
0.844365246798997
1.13341672091745
0.961883550710768
0.931876798044436
1.32165906920768
1.10441225475793
1.08545324148792
0.806518751752604
1.10050079431432
1.02742241607473
1.02254683973511
0.867888153948089
0.89603463832901
1.03260149505252
1.07681931165581
1.02588632210803
0.685519712683266
0.872497795414172
1.13178535989888
0.930148634892417
1.12888195138825
0.970181452711771
0.941188300433424
0.873482377133123
0.968847978804626
1.00373957435279
0.944571342366863
1.06736940041226
1.01262787085354
0.95877707057533
0.938198003502105
1.06805634658055
1.07794289614841
1.01370621653985
0.900935460413403
0.848167102782059
1.09089225344581
1.01837211411452
1.05513223737665
1.02933605486297
1.0184955365252
0.929527716405558
1.18990278165067
0.861283930738711
0.910489518968893
0.998324630660406
1.0243249814062
0.963775716546734
0.984028199510611
0.91563840198492
0.918260861481961
0.872774528173141
0.921254822600628
0.833641429226287
0.971614736869029
1.08550179619857
0.957873972631579
0.983753659728873
1.00913660917818
1.11614949315832
0.832395667027026
0.759977186999833
1.02649589048401
1.0578760363905
0.903886508806089
0.980924496026686
1.02022198685428
1.04500323949867
1.20950396643222
1.08732582047491
1.18145224598621
1.0601860106913
1.01262859677353
1.05274747488023
0.878774350925573
1.23649456218981
1.14740999788614
0.993364396821288
0.953859284219491
1.08744159055524
1.10774892269171
1.11341054443419
1.09043416472055
0.998554185089124
1.17391914082935
0.87872928777825
1.04808894818121
1.09851084199678
0.991794451131133
0.847229379396609
0.976731716259605
0.934514284777834
0.956402250393553
1.00851625614197
1.11407736173719
0.988588213168224
0.930537999860322
0.969672315206622
0.928355299306976
1.09911247799957
0.843512858707916
1.01211292247758
1.08516109064215
1.04936367353906
1.09958127307827
1.14030294083002
0.885688131017603
1.05677587089118
1.07146342612076
0.965731945849213
1.02792488613381
1.03428450804285
0.944452721628641
1.02983403518001
1.00563370746098
1.06993332536479
0.883815089116115
1.04494365520033
1.07144098383377
1.01954114081705
1.0870538647216
1.01423375980429
1.10917713480464
0.875004167073727
1.03018349061475
1.01116264952388
1.10346199115776
1.06935529410723
0.980403969711869
1.0143407952647
0.998955660908176
0.969661238597719
0.921781644806111
0.950390242824406
1.05322051487518
1.05475228713035
1.02430793897599
1.24259665673197
1.05731959309006
1.09069047487956
0.901090017961384
1.16880144964979
1.08511856733824
0.947964913941178
1.16933654045183
1.00057486376763
1.16550296274613
0.877311639592662
0.951356600642105
0.805153796563202
0.959817471397382
1.03533673682501
0.938244295691823
0.925271511413782
0.968870587219907
1.05334099478272
1.02686181819137
0.754217001138703
0.952851192137353
0.824311672945896
1.02420229249163
1.06426073994457
0.94755926649493
0.955816288264085
1.07696133462162
0.925980050665325
1.18702875388244
1.12537661166718
1.12927243089693
1.00591023301191
0.997890769371286
1.15507142150161
0.967968086315447
0.923003916491455
0.960429371765041
0.992047513961934
1.06795789731038
1.20255056994077
1.00461373093527
1.06019265776725
1.01927181967425
1.08500176196393
0.95036921838769
1.10013094748771
0.978388652204491
0.877925850143185
1.01615986612328
0.89084024922967
0.989733096792451
0.904243247758557
0.773314797533993
0.98648136870592
0.817370698220497
1.06685000148697
0.805432383045414
1.11520105107625
1.05031462196251
1.18140723917025
1.09989142695536
1.07063490435203
0.931850664694412
0.973337696014187
0.922812469707229
1.1657498536911
0.972145223481993
1.08853237992178
1.02253605670865
0.911791219623057
1.05471754835873
1.07777437695629
0.856019658968199
0.962913752402971
0.989975246037721
1.00035733677424
1.09078518343108
1.16764743085528
0.925538896164186
1.02597547896489
1.065871539972
0.918149264622881
0.900812314664529
0.853085815876914
0.929913261088711
0.82267114074462
0.909321911866473
0.985502586156087
1.05816332175493
0.796823812355597
1.08453794322238
1.07875324815609
0.945384306780056
1.16008927235808
0.972883238932233
0.979812763581276
0.917098891077229
0.852888453818837
1.04087870189774
0.976422608790638
0.993222346073962
0.942058719261599
0.994039129608644
0.954232110546776
1.32465234873175
0.875186013941526
1.07563223069553
0.988570879051838
1.08966932057425
1.05496701929456
1.03804033363123
0.895745879161142
1.04056121628911
0.89563566991236
1.08141534316141
1.12395763213039
0.99555204962782
0.816064281091645
1.24854018496863
1.00804924126389
0.923777194273074
0.999924203327735
0.966412149880121
0.762266400259421
1.02866892089477
1.1225988821991
0.921880284500231
1.02332786646801
1.17219798771741
1.07285999189365
0.958587774949747
0.939381976015355
1.01863359429866
1.00447182549347
0.894663165077108
1.00679220150074
0.919156598366159
0.967034183465816
1.14744281526436
1.04348714773845
0.961569862482887
0.979047954117061
0.973100430116828
0.929128270114421
1.16055089906781
0.900349621029579
0.858120519057183
1.08638236033917
0.931847975902522
1.03047626987194
0.941902935018184
0.979172193890143
1.01796013228831
0.944857562471882
0.999233410887706
0.887445945818329
0.981383136850424
0.881677929586201
0.881941500380375
1.09214214998213
0.799422216502181
1.00461614126152
0.99083430915823
0.943033273848115
1.03178689259332
0.952304539279717
0.822407533634532
0.908322136103393
0.983357997866348
1.06205657042158
0.897432099379591
1.05873704516578
0.845031590735705
0.933450531990894
0.964166092009093
0.894157006870696
1.10075102412731
0.939970602970493
0.888826709174358
0.858428053799095
1.04081853101022
1.15116940199498
0.951225183308022
0.976029701651453
0.854565541920849
0.998816264374199
1.00663767172605
1.11602031464956
0.932185655192454
1.00936510192493
1.04889342644338
1.0130024232083
0.966323841111111
0.752144614270211
1.22783058555538
0.899032842941859
1.07978521846364
1.07950574326311
1.17554108998436
0.988830001591898
0.92920468294916
1.0874751067128
0.929227974807293
0.811666256551571
0.94480855439226
1.12074510675821
1.06856999967819
1.01681556784896
0.982852687130989
1.07678618399569
1.03916342600462
1.07131949056179
1.06274650535891
1.01440344302013
0.982793336428242
1.06261847750242
1.07242391177613
1.23296491595676
0.939102430686357
1.19902715149099
1.00912571027916
1.0179302989485
0.997053644344196
0.99854948799578
0.924287666743669
0.986244327956031
0.923111778299582
0.943666000005578
0.991293735838558
0.962661791560609
1.10445890489089
0.921979094847011
0.92283660707196
0.984752102685434
0.962589095563228
0.913792530814495
1.11047486430798
0.954014532988788
0.922589216310319
0.987333564898137
0.866822954373609
0.982899478956249
0.986827406896883
0.876102742119596
0.877848792002042
1.13392371397461
0.920128189523259
0.84001591467276
1.12223235532387
1.06149707274946
0.957277344967383
1.15150084588542
0.928654726410948
0.979351550074358
0.913265555911819
1.10162416801341
0.977319636681789
1.07843051662549
0.872263347103428
0.939089828758135
0.940382381637096
0.931578441550771
0.882513005280232
1.00703519113744
0.944236002537893
0.782255065537238
1.05361705776592
1.10924464050538
0.799349273835586
1.08501297950786
1.15025937695813
1.0501386579052
0.914138453664866
0.90998878392347
0.92256513467254
1.03793725311177
0.984070159963234
0.951852018698708
1.07469058756171
0.983255962845793
1.16420715704085
1.00194668150285
1.05705890428687
1.09774962289826
0.912478674730207
1.0784286428392
1.03122528498195
1.01773487430206
0.925689279917926
1.05401191474548
0.928476557403419
1.02380187975541
0.960521096111241
1.13133395395014
1.01743205382781
1.07718334438846
0.922407442718293
1.04934319659139
0.841380943896487
0.780563811607802
0.921380939752845
0.915880792414339
1.22203069767734
1.04752804986826
1.05263961592317
0.89486789744666
0.974750690465963
0.982245952471805
1.00291930693614
1.03906741395581
1.06348511644928
0.982033301338639
1.00919696050036
0.875591914795106
1.11273935900166
0.811502128323747
1.10370644936235
0.90713741918887
1.06518525168541
0.981640065346087
0.9756865404241
1.01875027931976
1.17923783512538
0.768225097377919
0.988026447825817
0.898478856822919
0.869774775815003
0.942361704535345
0.937831836754769
0.873852649486202
1.05454681715695
1.08135950425296
0.989118745014363
1.13740846819141
1.21208884241214
0.976759986624406
0.942387225201492
1.14340096275106
1.17640472609812
1.02390716072897
1.16440074717829
0.963777688545134
1.18187422786637
0.820761169529627
1.09894339625084
0.872500446773895
1.05906834189038
0.813968904334418
1.04243675262524
1.01606522107638
0.992073897099628
1.19030884990587
1.08713838649042
0.963485384529222
1.1162965686297
0.995304579036858
1.08312757274481
1.10620456435045
0.917872302081975
0.972724451602276
0.927379700023573
1.04777039116297
0.971222762453223
0.959827063215365
1.07664706628771
1.02840582253333
1.06586756979513
0.831804246529569
1.071857301867
0.979481606025214
1.05389445528546
0.975448207989911
1.0356414860052
1.01843062936543
0.968533011549806
0.882026040345253
1.0364772220658
0.971379042940539
1.12982930875581
0.945885208228091
0.871299804527411
0.93303051583424
0.98407204804517
0.959785172614936
0.849248754025492
0.878213498076208
1.0376483342161
0.964206714593773
0.974316387701573
0.948875143509425
1.1201053738668
1.13696814665881
0.930986271097718
1.01336302541277
1.01677382629992
1.04647072061158
0.951816827859678
1.00047000075075
0.992426077849272
0.978878042070703
1.11696552862964
0.800492589805608
1.00133379437634
0.910424423198444
1.08169037428644
1.01326603789739
1.02498903304541
1.24648095663086
1.0029876679542
0.932472106851444
0.892935479239612
1.01705361648712
1.10523612247998
0.920118160182729
0.893765577398139
1.11593598145663
1.01695295235745
1.05301873930319
1.03370397801639
0.933841021982968
0.927113667718161
0.862396072356422
0.904957856839427
0.955441669087005
0.773341741803429
0.925878252056195
0.963737890508805
1.20035780222728
1.04078399686023
0.94438527126016
1.04393828336894
1.03628135718837
0.914876970504046
0.96231651101063
0.909725375823084
0.963184141545716
1.10215564809015
0.886921287617613
1.14140543777326
0.979373479278005
0.980225675679094
0.991266073239657
1.09756277731944
0.991491974692008
0.886197365248616
0.907948819169824
1.14384243989581
1.12762192157609
0.94615331432034
0.913590034917429
1.24832292965901
1.10170510672197
1.15778689555022
0.921358288371108
1.0753431377632
0.999764898636824
1.04856941354527
0.991626526604847
0.896764919082841
0.924291627090021
1.0457082959874
1.15675057147191
1.19761920390822
0.884857176357496
1.03430047204433
0.975809077169104
0.989399713593924
1.07249624545932
1.21792280366472
0.961996424283157
0.901890740809886
1.1217371060484
1.14434580426808
1.04813333875014
0.842780576191328
1.11145609639894
0.902253971096927
1.10713564910314
1.0486526094323
1.00385039502341
0.921442752245297
1.12582988741855
1.09989684919254
1.06535892372418
0.849612823984016
0.78924791606847
1.26316941826212
0.999482767009369
1.00268052531448
1.01155372272427
1.18362666600625
0.951391614076817
0.849412767694461
0.879555892279178
0.954398948152545
1.25709497580836
0.973723902727077
0.940740429220279
0.942590093277568
1.01783842048413
1.04742754509919
1.07224299048264
1.00934357356107
1.04655177575716
0.969404165166985
1.0474284939785
1.00681242258164
1.07764293320346
0.940863038716973
1.10755260801281
1.08755956961819
0.884193319235639
0.995204578135009
0.994003737341822
0.894980110534833
1.04823906620849
1.08390298040892
1.03480385755344
0.967784888926136
0.970273870449081
0.965159042036648
0.810716426188222
1.13691425928167
1.00103335189869
0.940801962244486
0.913183563035874
0.984538311726858
0.888285429757925
0.995407245433817
0.966728446237416
1.07934802500556
0.879456009274417
1.08535977585622
0.87794800612523
1.00714440509757
1.05327682303728
1.00785555549149
1.05306004884644
0.892519258092148
0.960695331406611
0.793638378548063
1.03755578047014
0.889191874112171
0.854820860474654
1.11301550912768
0.985338757417245
1.1031018810124
1.0005333874584
0.959961136229969
0.915060704914551
1.00676483853036
0.960476429081581
0.991242919924137
1.09914977358504
0.887388015769917
0.954618460402837
1.0446760017417
1.01500322932406
0.954658173580065
0.983874211617312
1.17476680400111
0.911375848514186
0.949347831066621
0.869688144723141
0.945298961097893
0.984229381960058
1.25897739538724
0.903906312034336
1.1396708336727
1.0047498327445
1.02955857531125
1.0293538549227
1.01409264715143
0.977987392664412
0.981465996837858
0.999587997826529
0.707596612477422
0.867346348964749
0.966803593961175
1.04039255214748
1.04210360186985
0.916618337382836
1.06611903973487
1.06663433844368
0.928067678992409
1.03589336559683
0.850808543813955
1.03025428775331
1.14712918008602
0.934721764680352
0.913892688890691
0.937333499506961
1.10578136740831
1.04798066327958
1.08623906040299
1.10999640578512
0.990039043816245
0.954147479071994
1.0185094550485
0.982667563318083
0.876367381710433
1.10125212683753
1.01859260177915
1.01918352127431
0.960357329686104
1.16964724321679
1.07074533947174
0.930869255896961
0.804163047454029
1.03327903184371
1.02237076818148
0.919496230009123
0.914915919533117
0.740057060934808
1.01919434108634
1.05100647694188
1.01997663380922
0.907827420815715
1.05661888769963
1.06946885643222
1.22890048110743
0.971154113130834
1.02355783918501
1.0808980054423
1.11458544386173
1.0464763967845
1.01420573903635
0.840290839139261
1.002096911871
0.876410390651068
1.10191089398933
1.00671989782883
1.2656676501561
1.04725150095921
1.05672513228894
1.00702795823992
0.980016416901031
1.02598550024358
1.12100531724701
0.890964378718968
0.91446461171014
1.02221596489063
1.03397014258159
0.855329754096484
0.932185438794951
0.929966897271111
0.930647985220299
1.01820668101145
0.901074083523631
0.987975444923664
1.02260652980043
1.09890604121226
1.10043734799026
0.904043030083982
1.02188340738604
0.933296287999322
1.10367187452347
1.13654258719787
0.800508564677829
1.2014009046016
1.00182968292722
0.983891003865961
1.06381627747553
1.07576008451588
1.19274506378075
1.09824457110567
1.00689717180026
0.967851982168441
1.00517467240134
0.739627242173395
1.19051153583374
1.01856745304473
0.748277728127378
0.958217940130966
0.909009723899992
0.882359127092329
1.12027338393777
0.891371383128907
1.08098853039405
0.980054654762242
1.04015706363402
1.11477434950386
1.09936866875066
1.081660200136
0.983211968276722
1.07848821787345
0.916565544426672
0.941222696268885
0.888291948680476
0.846324857440593
0.929175028296992
1.01338540415268
0.88566991422166
1.10213009521792
1.19527526170078
0.916136139280453
1.11085719328872
1.05872823482004
0.874596285106853
1.06753772009303
0.942304388914266
