0.849311595859087
1.05948372604612
1.02258902344242
1.16071437629448
0.892231851091489
0.942297557472526
1.03555991275868
0.981813544114185
0.857658845653861
1.24312733309232
0.92749199226712
0.822400921891161
0.807646857660293
0.966737133980425
1.00602577942853
1.07298124994684
1.03701090121257
0.921831897142065
0.944187152255157
0.96144719725192
0.855177681696732
0.979459471853363
1.0659233032292
1.06832417538024
0.897913541098133
0.984340057517352
0.877675275954378
0.9001666161453
0.896387558291265
0.855150154700148
1.15187863796455
1.06982661436792
1.03638599047867
1.17881159135897
0.99728612747917
1.02041385272725
1.03086082774703
0.910037078432188
0.951465275999018
0.987175490164087
1.07339913124788
1.03406035431072
0.993938755470363
0.753007766061942
0.988297125387592
0.864966872695444
0.975493669591118
0.891848966181897
0.957938962604497
0.92394796991587
1.22955839803959
0.941341534347544
1.09944439640775
0.984560608457706
0.762552691573317
1.09577711639552
1.05761604433725
1.13903092250062
0.988921190774207
1.05087749463076
1.06861084432884
1.05690649739968
1.11052778950368
0.932034136206559
0.937261452015788
1.00872179579406
1.09125009314504
0.934495675820025
0.956664159648961
1.03524946368762
0.923555691259945
1.03567103031066
0.760369031725149
0.969866421150862
1.08823918418798
1.10879951452043
1.07014138081671
0.933932498960672
0.990226673490712
1.06840379965089
1.14468891869107
1.03845057103998
1.11264520446677
1.05403730944631
0.917980696445305
0.847481048630938
0.995996141529411
1.12889535051801
1.06380651612183
1.07310002684312
1.03885616552472
0.797307311271257
0.993072646072499
0.94619070239124
0.977358612554657
1.07892600813712
1.02575399450982
1.13486442467495
0.995325486190363
1.13761597789773
0.976228027366992
1.13708864347702
0.998867030490547
0.870704773773003
1.00489434238814
0.990462116475495
1.14723380338007
1.13776499152464
1.04686843779238
1.03041899819651
1.04674277260999
1.14537868862368
1.00712605872587
1.01427234533189
1.07669667815435
0.925405621196758
0.895434428836992
1.12665839540598
1.19894883131396
1.11823891287704
1.04022466593631
1.00801151565703
1.01972890605236
1.0924016852963
0.848216272135703
0.855375189979201
1.07868218659154
0.884011092875475
0.978672869858464
1.1409544339232
1.05465746100314
0.960894775846479
1.15586663540599
0.908821609805622
1.05709294294977
0.948180702100412
0.98818844961728
0.986801845369288
0.936274633859905
0.972093302367299
1.02748703582573
1.1203858760071
0.78032086807754
0.797419263787071
1.00243393925441
0.945031616146851
0.990207816299107
0.950316153923651
1.03327545676922
0.874510402856651
1.08112473531277
1.09253808324726
1.02398668245662
0.999956876485633
0.947068796244456
1.15840926926693
1.00031027427304
0.84085971900277
1.17237633046306
0.933024770272318
0.924005152994936
1.16496271705647
1.1483526816165
0.940734612987577
1.20846020259436
0.978773303235563
1.0461071476886
0.977669077272478
1.03297441681935
1.14370670886352
0.947565820753994
1.20419628032048
0.957028983948591
0.891057852623446
1.111428357143
0.944853828789258
0.871876391548655
1.1129792216048
1.08309762878185
1.02858207228239
1.04409568434745
1.08062269480092
1.02034961958108
1.14339450271173
1.13556455557136
0.895469952403341
0.856433044269923
1.06235088708772
0.984942339113274
1.05945743667196
1.00492089346656
1.06583853765036
0.98157573854991
0.956626732602874
1.00474719284622
1.13723496865815
1.0081499657803
1.1020328803715
1.00836137160737
1.05279538207677
1.0490320407153
1.01321972909297
1.09546057629514
1.07288807732515
0.985013937828082
0.927995421664631
1.00655902356572
0.895810401137983
1.1022564287038
0.948373073727511
0.913264638154362
0.9393093251688
1.05277609917307
1.1700463560455
0.965370233080942
1.16226036469328
0.866052586166226
1.00636516273183
0.872694022391646
0.694368841898138
0.920834041143092
0.806712200782457
1.00880698835042
1.01715494258959
0.977318636693517
1.09787377307068
0.933929992710692
1.04851296551937
1.08914265623103
0.974464503830934
0.971672161406707
0.926749807699418
0.844109950141614
0.699642000453708
0.832345691894174
1.084026367512
1.0166062591284
1.06607989825131
1.13450607355987
0.964197870081347
0.885922833541575
1.18143934085522
1.06105035851216
1.01004126357888
1.16024727412454
1.07015399438843
0.999334415765823
0.960587913073597
0.984382402920013
0.929318151342198
1.07535791336828
0.99104728744349
0.937923320446302
0.943155075852807
0.851919996517502
1.0775686642404
0.907663049983669
0.944087988403255
1.19120148100375
0.935764565559207
0.993614650124005
0.906459107654033
0.876774860487903
0.993940885822371
0.921577205383777
0.795987910466878
0.985882031570204
1.11596376854482
0.904200826120861
0.894622835460692
1.04728819046338
0.983851406340878
1.13651465219995
0.830415060164635
0.918566990625845
1.01157404787032
0.895985588677697
1.01627038302217
0.935306809283511
1.11854952108487
1.01695623900253
1.13679334430861
1.01171701470653
1.21450970011452
0.908735196616706
1.06980361119725
0.897097774520034
1.07036802283538
0.956657098578928
0.921409053020979
0.879668262569348
1.04859948276961
1.01808463544597
1.04576357156378
0.978387727240489
1.01134122715584
0.868636805208367
1.14715176335039
1.16021622329097
0.954892507432572
0.914548842363834
0.87577823805738
0.877329644412302
1.21709831866781
1.13125484862286
0.827407554269045
0.84001726251697
0.877657164189115
0.888178386451284
1.0539233641234
0.898629580191824
0.998752378494929
1.1339376162351
1.08265521149204
1.01535790281716
1.13986880751386
0.957636855857507
0.992736224454356
1.00162536161234
0.898548922135136
1.01124513213754
0.997205428004814
1.09159858761317
1.02479438718322
1.13374477479461
1.0470322799813
0.833075174131576
1.13589537290355
0.815137616904631
1.02458430744559
0.970185674363534
0.891804740731555
1.05698548009814
1.01746056771414
1.04188852540828
0.962359208227346
0.982618822589252
1.22450128804826
1.0333306392838
1.08955865190772
0.863325973170292
1.22093789918818
1.15099152980863
0.984584543230082
0.876664767508878
1.22309271885163
0.93336117798505
0.975751403484795
1.17376125233398
1.07633816900108
0.97538330986457
0.906928717426299
0.9233678901383
0.997275328648198
0.891760704459835
0.874187879763436
1.00162251831557
1.06094969419372
0.99418056776966
0.84769332462491
1.1258566569032
1.12345476823224
0.852024662199876
1.03523184041683
1.00197754140926
1.10485801815289
1.20438317856507
1.09278396204037
0.892616956308517
0.878366891913167
0.91784121712667
0.923987324088246
1.04519219722829
1.0032173308142
1.09807719302756
0.966125900786297
0.964970992395645
1.11283874334443
1.03201992013407
1.06735600911539
1.15001685632704
0.855585943786316
1.12417242768049
1.0666221086863
0.89258261051202
1.01005037429268
1.16060233284908
0.914955470038147
0.833093415242798
1.03578709109287
0.741430791376027
0.971207642546222
1.05951334288282
1.12782951806556
1.13608910161065
1.11885344374395
1.0670767119079
0.96931191791373
0.921351783951887
1.12365387345663
1.04154816135884
0.982523081433743
1.00747607646479
1.02993932107887
1.03303951443009
1.09129610784065
1.02070776200614
1.16269492182744
1.02820626541593
1.12586657172916
1.08634840304361
1.13996333414423
0.959198516607032
0.956500644281536
0.980855743442445
0.941592452532493
1.05341417631239
0.957264571964281
1.10101575872676
0.840814034559582
0.879313553902306
1.07404058826611
0.951548912305034
1.03149867390324
1.01859312887987
0.963540101173033
1.04233669008478
1.13319042621003
0.993428738714603
0.902000015354071
1.01058381753617
1.04472132361879
1.02349032078358
1.14034723176908
1.05133588115932
0.920889721661502
0.865097444777504
0.822498555388923
0.900161463676381
0.871398294241127
0.924078651149618
0.966014932604375
1.04301826764738
1.14153674708436
1.13919132855397
0.790529034467434
0.917832547078606
1.01817875479198
0.965125148082538
1.07879656164045
0.949383439534619
1.02967234365069
0.974987675312578
1.0232513193462
0.995585710906011
0.82751778267253
1.04239138318923
1.25303170051025
0.996645980360568
1.15385354166295
0.930593492489301
0.983982744082907
1.06050916551989
0.914680236897544
0.929226850369197
0.967250473304265
0.931191797658671
0.993730913361455
1.10546825081138
0.951997370623286
1.02607650988901
1.06236072515025
0.994896609663485
0.975579006479333
0.839495712976574
1.20481428437711
0.922983435347872
1.0622158744764
0.879627768566057
1.01493176506584
0.880701574354039
0.9683267229794
1.02335559669891
1.00325810100287
1.12771701491788
1.10098090411533
0.875375050118701
1.03083720304082
1.02123366419439
0.926439961793911
0.988520568061641
0.916094256988569
1.03010110270105
0.984794955796714
1.02471341263672
0.777201158719874
0.874672145820227
0.967682660376724
1.11557243503026
0.918147551391285
1.17980910573152
1.11636461087923
0.936316232729114
0.910560219717867
0.752790345836868
0.893735586415414
1.05078617084254
0.843510219619083
1.03582227089081
0.946488868243689
1.05431902272128
1.02975860421134
1.08479118800164
1.10811001957263
0.96332878048027
1.03574573556888
0.931757018020914
1.07993878533001
0.92971174296277
1.08536964131818
0.972138595279811
1.02607663742505
0.970353638520668
0.97700068522616
1.08351276681058
1.14988904592731
1.02500543616337
1.15378854352777
0.917808559213929
0.929331068160319
1.04676480586044
0.922779932287697
1.10181065271507
0.804207325335195
0.904266493273159
0.841282765393295
0.89073640604013
1.13334230821647
0.884784434380633
1.0996021632849
1.08996348422353
1.0519317313062
1.14088538446202
0.905503910435935
1.01274170291754
0.834333946712923
1.02218420394045
1.19780925537631
0.854813700585343
1.06813187887174
0.910232614750623
1.01963514699938
0.951395223710267
1.16812079591663
1.15138748214793
1.10388364620376
1.12677538224745
1.04811380393347
0.869886278989201
0.837018742709975
1.10629621281782
0.88647417998466
0.916691971072944
1.16808834977782
0.940507876223582
0.910579764358437
1.01596685442024
0.885590153841776
0.90314525500385
0.980246454715532
0.862434846315843
1.18150492207904
0.809431101692247
0.97194879950152
1.00299379144061
0.95314533616007
0.990884185724757
1.00489620523029
1.01348031941148
1.08834654516412
0.930808035220112
1.10648469683892
1.11601574756188
0.841899748271464
0.944064702606539
1.10056216151521
1.12856822095294
1.11175521861823
0.953489973391851
1.03874971493305
1.10814177706561
0.946504563301519
1.06202551253822
1.1188778857211
0.924929421489244
1.01070334815766
0.949678244687065
0.969197452187727
0.980741277196835
1.08253981429713
0.963062851909971
0.918352445865093
0.972562754265687
1.04038136982971
0.794665397304887
1.1042548380299
0.978567061378784
1.08566043805833
0.916105256740316
0.980761579112486
0.763827894080644
1.03905414614276
0.950121873290783
0.809878317442814
1.29146351653959
1.19828227904215
0.948922901345348
1.18537103413614
0.901411253862089
1.0028935873947
0.877264334866037
1.04719535026476
0.933185717365431
0.805982177150717
0.942028856233387
1.01987686551862
1.01126894645034
1.0047849186528
1.01118047702156
1.03500786898743
0.961064966634584
1.06716461366662
0.919126768898531
0.962484761835869
0.88340208804902
0.830665385072121
1.03240149417858
0.981365882054241
0.982921624269598
1.00215538170922
1.09721937009595
1.01752076733191
0.939626098642104
0.939336991726223
1.00553897392463
0.998717750900497
1.15207720309631
0.997059796515446
0.861734781203358
1.05853690172597
1.00887571935034
0.914693985586166
0.845859274107145
1.01747805264338
1.0210723465656
1.13807818485016
0.940445297376368
1.09684817459466
1.17171362721356
1.01392356339004
0.987573908482713
0.971381840770806
1.07308754672488
0.937207430205076
1.22103350599616
0.908690106356833
1.03121500371549
0.823505195217911
0.840332914280599
1.02849737044684
0.941966284175578
1.00287443143152
0.992333185102828
1.10719558447122
1.09775578641722
0.953550907420465
1.00387220472247
0.945773888333425
0.914527214948427
0.866577602704084
1.12315539856968
0.889760290065737
0.973782395174115
0.976757101852552
1.09654342197078
1.10927176186634
1.137972618511
0.855252471173805
1.00513809691149
0.903244340567155
1.10269658074944
1.02212556944678
1.15943439083584
0.959846814419392
0.878598498565456
1.00025060674108
1.09147809504283
1.05194750206076
0.848917200806544
1.02843982172451
1.06885640021859
0.955841554659712
0.89497280840424
0.798272394383444
0.764792958510659
0.79942592128153
0.979628544731625
0.747580435665308
1.06040557972671
0.970041122490591
0.96853237101187
1.06592748586955
0.876732550190643
0.916472881995178
0.817442215450673
0.984000286154555
0.935133345685554
1.08908787632341
1.03770717957408
0.996541620096419
0.96205625584259
1.04960805256431
1.18052300602186
0.892764464635929
1.07796991700847
0.935870076591052
1.10578801467156
0.886686242270653
1.10343100799678
1.11970826660886
1.17335028600915
0.858911351079829
0.843583210296327
0.916872538689714
0.982579010330237
0.976549094623316
0.81002623217351
1.19747861570547
1.13065705667425
1.12920691716847
1.07469435370733
1.02027345035128
1.02883211530697
0.970625173377114
1.01938626078937
0.822173535368043
1.18315814418375
0.995393037689835
0.913815435055552
0.894752708147195
0.846132408142006
0.852371879036023
1.04124235543432
1.07656113686133
0.983001001618329
0.875440976369207
1.00498766746949
0.955648632214794
0.927733064573678
1.04911594324099
0.881506776691917
0.894391497747133
1.05606983972166
1.00026837090075
0.874677152909221
0.998833600223386
0.827513357421958
1.05880792681467
1.16861706690846
1.14248707936915
1.02751161342304
0.922780181044231
1.1325282937141
0.988695647841555
1.18318529427613
1.0431160495813
0.861690380268708
1.1773621474626
1.05677408682956
0.816437983885478
0.899346877876584
0.727139935946148
0.912074601535089
0.979348352665631
0.949238073706415
0.99090475565415
0.90845736658124
0.809682624127255
0.989650642852535
1.06675009325764
1.16635168562726
0.86412492061051
1.0136580578794
0.891242536574339
1.10263372218444
1.0661384841365
0.908380310182244
1.07771723219004
0.961497529899114
0.889253961265637
1.03780305638726
0.84969763052232
1.1860121510378
0.970426328860467
1.08362831210632
0.907995275750017
1.0136616722378
1.12668252552802
1.04351812892216
1.10258370657569
0.99779104574928
0.944155052620362
0.945727417356079
1.06242838597134
1.09422183639241
1.14047173493498
0.937972515088054
1.19189491732249
1.01394487969206
1.11394385873669
1.09621625169741
1.00218945864522
1.0261085706967
1.0122479608853
0.884621359569746
1.00940737558708
0.96886952251161
0.715532680808465
1.12077559926843
1.00533550030279
1.05141231505247
1.10347399254622
0.842061810789521
0.768067051015365
0.996882367474926
0.98152833013491
1.1543256708744
1.01467396421038
1.04757953471059
1.09561857954066
1.0320645386488
0.982737235962451
1.04260642564606
0.856691708133049
0.94618219898665
0.999698421566721
1.07775936182097
1.16645430796211
1.00799615043721
0.985309330482959
0.911732168776021
1.00354229660261
0.945814080409348
0.971423859918139
0.976289501244221
0.977521711155675
1.10989494934078
0.880697027815174
1.01919363731826
0.935623263767886
0.949696009345048
1.00822161095074
0.979915653374066
0.849941286000992
0.876981369880583
0.791315146908905
1.06618021068922
1.1045585518242
0.870653956899799
0.721486430353229
0.871297100124923
0.954375975015979
1.0258205878187
0.851725175566283
1.02795804620983
1.09363312626053
1.05873726754404
1.06221510848626
0.78778395236526
1.09192917467468
0.845933434109318
0.800079308080434
0.967464097219338
1.15694350295611
0.855872740762078
1.0871835738475
1.10735286195144
0.973875791632842
1.06508714172913
0.833166560783816
1.16700119177261
0.854647412080008
1.0720514723465
1.04361545315397
0.97383670368226
1.06534728380759
1.05336578345469
0.934631940132097
1.10761145267746
1.06212794974461
1.02148152278986
1.11938009482698
1.03937608765102
0.986389802229387
1.07365284202715
1.1478783443785
1.05944503510374
1.03402902138941
0.935108165385882
1.09848928081252
1.10684405314243
1.01833832718004
0.857110102340958
0.965978135136776
1.04221220159051
1.03629926445797
1.04213446503022
0.948930816960738
0.923985050952678
0.817434546300038
1.164638857555
1.0678712222854
1.01773915940104
1.39619291961074
0.803955033222503
0.99932684918346
0.863289203245586
1.09937677233698
1.13019169567912
1.08310540362379
0.850723029657569
0.971346178033275
1.17602545390521
0.815170456033097
1.20763685333791
0.996366848676942
1.08761358238558
0.923958607781258
1.0198622638405
1.07918807854459
1.07848653498117
1.11110290020755
1.16921337948135
0.925364739961532
1.10651504732758
0.991525333093072
1.13733158955271
0.979831524951403
1.00117969678569
0.864171184028223
1.17168793783186
1.07235310763211
1.10209900801617
0.933978394870063
0.961031666811145
1.08109179477322
1.01015020238229
0.878488648787464
0.851575900616795
0.947572218107984
0.94042074920341
1.09528806293885
0.942646918472339
1.14068840325595
1.15146581217952
0.94628346506952
0.920430593884723
1.03317160341663
0.972068624326948
0.857549424783284
0.877254907574163
0.936109094962319
1.17677402637029
1.02925517599523
0.954736868551985
1.12036543648616
1.10340236737474
0.946638615176575
0.982390966588803
0.866338928949719
1.12629474708081
1.07384436155106
0.942502328805892
0.890716938987662
1.13168355319113
1.10460794525939
1.09532238894912
1.13950497502034
0.851064459529416
0.889638796616657
0.887363653007754
0.964504553870477
1.11735521153917
1.00850510163816
0.885719035022948
0.95536308583748
1.04071452979765
0.940879129423318
1.00648179513816
0.88229723249214
0.906834609441792
0.937041124050241
1.10120638832994
0.922689116543717
0.895903986457159
1.08351612143763
1.05554125109414
1.18452086315133
0.84350653849796
1.11319276474185
0.934910049394347
1.01828656908942
0.96101540127073
0.96971216791343
0.913868587329089
0.869857434610661
0.968565273556629
0.85353956723722
1.07665656297406
1.07042943846175
0.955672372290511
0.999093500325792
0.935102981767877
1.04400380038007
0.864190877246946
0.981588607317976
0.803908405493239
0.950440592743866
1.0579397745979
0.86955401888432
0.905062356032884
1.07609573201432
0.898141357808416
0.919546226647591
0.885270284075671
0.859389221385629
0.912895410091899
0.96831851859142
0.995259117008028
1.04982213929521
0.848238068853391
0.964152765672321
0.966555155629907
1.07964052923263
1.15676368002442
1.05790092358318
1.00479771179272
0.938471507390672
1.1040921193935
0.801988076146262
0.684476426506728
1.12214773671189
1.14525845810882
0.956009914312293
0.853208185781678
1.00090852564798
0.911684510037177
1.07370336960772
1.13949089601592
0.916972327826735
1.12244397323639
0.910715337873929
0.922589298243398
0.875333027113029
0.865172639359965
0.812707874062429
1.19531945707089
0.954262050608745
1.05158380973875
0.894040550346954
1.02888984095633
1.07089581600868
0.825817802893909
1.03037824427775
1.1737583272442
1.04697910127339
1.00796541973506
1.02943880025378
0.868241298098297
1.11039754942369
1.0780027610203
0.795359173573448
0.789961900483994
1.0938017805418
1.00705598722668
1.13162632276355
0.970120685952899
1.11038633161383
1.04600828149149
1.13433336389786
1.01935531154844
0.919050082660899
1.12998403028877
1.03971441698587
0.960081164119412
0.957536899658069
1.02441609112159
1.00681793955416
1.08783578809818
0.836352807597612
0.996545467685481
0.862694996381373
0.910471060774158
0.979758461532451
1.09727825901995
1.06962988695258
0.974820367034071
0.98016548606898
0.971024448605631
1.07070597373436
0.995774496203992
0.910085076316535
1.06225701731273
1.09224723660081
0.874651362225293
0.96774770737748
1.10532511865142
1.01387289528203
1.04051106056248
0.863261895691175
0.973722094630018
1.11095897675349
0.998250279124681
0.982681001334
0.925398167293997
1.16411664488619
1.0971373165271
1.02499954146288
0.861582229882794
0.98624560682325
0.84499254546139
1.02844149052956
1.08451327627946
0.915935003919259
0.93911210696825
0.891009409539292
1.03542074714028
0.980521313140961
0.956875000307544
0.906319798952249
1.12335671937654
1.03536805386037
1.07232355112942
0.813243826309426
0.952660002546238
0.903032020367722
0.953883535017019
0.804081007974975
0.939834820494718
0.955977983770695
1.00699362918327
0.910298732595273
1.21852037543236
0.969512825233182
1.08480201903841
0.990936384063225
1.07839897567895
0.983369982821851
0.958624712242817
0.89351543558689
0.953974143214304
1.03697563536597
0.821101529759727
0.776828797956258
1.07221461577332
0.685520616318594
0.905752840199871
1.01953236915603
1.03194021776818
0.94591290788331
1.08575728257642
0.897904858107
1.11130827023495
0.946987917315181
0.947256635587155
1.11930215132849
1.12305812800312
0.907350204599015
0.777128507884078
0.933061632568243
1.01224265191749
1.00011454828599
0.934454666195193
1.02994969431321
1.10927513273988
1.17509459127095
1.13164476414785
0.938149022442433
0.966625392491886
1.06685254666342
1.01198426751811
0.987677956253682
1.07603823187812
1.01916730779695
0.978310164859369
0.955901251455768
0.983751409242146
0.962648821376408
1.0212877305676
0.991588169197085
1.12296608941215
1.08677535856865
1.01788945933329
0.908775220009624
0.864282585862153
1.07951622351239
1.13990403436415
1.01142972701096
0.767406383061526
1.31624565035128
1.16520036026075
0.997897330360026
0.990030585619494
1.07449269709998
1.01221899212945
0.967848096419358
0.981666768730201
0.86903013374425
1.19577797289786
0.89132394841894
1.09999401508989
0.837673967141769
0.897176899677593
1.00394012931024
1.02184143428776
1.06521058432495
1.03323917623455
0.898080859419316
1.11358632404142
1.01351191107799
0.94991030872617
0.936047429786973
0.944562936100186
1.11413938658988
0.975728791175136
0.83014706238392
1.10556063999774
0.965083588384483
0.906243440940251
0.982258599147705
1.1041600580241
1.0133263592332
0.958358494833264
1.21389169475412
1.00181742951912
1.04191701310882
1.03947073733475
0.936286663768013
1.05778796572895
0.911106237122311
1.03656020215287
0.851895952035389
0.957346982289248
1.05632929022241
1.22490558220134
1.1555977168858
0.99590990467689
0.92109732464178
0.989027001624234
1.03347084212671
1.120191544122
1.07409091517885
0.988434001544727
0.836746081342407
0.88173935330475
0.98660362818027
1.18652107804236
1.202417160732
0.926279338995632
0.962945909782356
0.963717907081335
1.12077718215062
0.963157780128926
1.04403578846907
1.07048964023617
1.00198771395359
1.03825862046311
0.961254642310049
0.812056227944017
1.06327007991562
0.981172512389745
1.01085517789877
0.990805759405509
1.17867723354253
1.12567632691991
0.780221969466315
1.11183943939207
0.973267446140893
1.1173196131215
0.954171799465941
0.914353143974925
1.02016930046068
0.965778082643348
1.1756595950735
1.12875344592341
1.04797963612538
1.13464381626114
1.11431611235989
1.01548465709978
0.794788340111339
1.14704408592698
0.707632912819526
0.94380987490919
0.948092717548724
1.11114794113347
1.10684839388249
1.00157768942686
0.899185398815442
1.03594272103233
0.893870945935582
0.983566490593378
1.13794624906132
1.0320464800327
0.91553850339556
0.990258046142623
1.00909653441485
0.887925073130534
0.88572465291211
1.01099534449174
1.0282002269381
0.885781575540081
1.05879626932596
1.07787273941432
1.08211111873915
1.05271661673993
1.12898458667681
0.901735737391679
0.911877902262976
1.06248276047879
1.09110258655404
0.999762980494697
1.01386405265561
1.07514230924183
1.05196102589897
0.886161355883752
1.2462078552794
0.906005605673706
1.0223443861404
0.919789988968637
1.2932645393412
1.00282208963644
1.02594312120896
0.932805365399673
0.941156386613983
0.850096974739568
0.996252578340869
1.09290878614026
0.8926624911385
1.05085094411184
0.970352414507189
1.08699459264992
0.975504221125599
1.03905659302529
0.87893258762083
1.10150044221619
0.978921346844221
0.891310765211005
1.12201918362765
0.842433637892372
0.978535474718033
0.931973161768488
1.00169501656302
1.0197787350107
0.93704493655923
0.960464574229961
0.792703638257034
0.891727260933422
0.998808268534018
0.912450906072362
0.90317369044134
1.03768403724435
1.02964612420824
1.00989960648434
0.924705270721109
1.04099572466213
1.14808109227553
0.840057344047456
0.934865963915901
1.04557430520096
0.938582100236659
0.979834157416169
0.873826155945348
0.99205304046116
1.00276518578055
1.01527696211574
0.757523398513663
0.848016883557449
0.872944832817756
0.997563817556319
0.936391687929304
0.86252025751464
0.974699358645407
0.978347464456958
0.885535912942576
0.898120171603707
0.925456158601634
0.962396952849131
0.986189129405791
1.02049864645927
0.810445010616154
1.05858850647158
0.98424223792533
0.949406145106884
0.909012125609506
0.983075404868922
1.02637277135773
0.970850631964494
0.964459811043526
1.09956514970548
1.00191558490412
0.927290460205953
0.874710837112899
0.968242827630528
1.06138384193977
1.02283613417419
0.902701115619781
1.00939939601357
0.797825674678136
0.98874595142722
0.909887002080377
0.947726574722539
0.890466704355187
1.15039586250846
0.913763018456372
0.984597386003407
1.13346739192818
0.937760213571999
1.06276358443047
0.894499306110126
0.843442364514919
1.07911435467961
1.10398190689741
0.988506493570887
1.13341608632233
0.98156398012736
0.919373594267
0.988430337274261
1.02211811042149
0.784960220380814
0.998935392707622
1.18950779852612
0.967675137753298
1.02101471777188
1.00860995187915
0.97697014917669
1.06385455370972
0.970939666118451
1.13754725248017
0.87027505306821
1.03565987755057
0.90805943999488
0.995063546909424
0.827411404400085
1.10007863622178
0.957047316138793
0.896491216491756
1.18851688970872
0.790544782712523
1.05771083292206
0.97073577536841
1.09801479411857
1.00571547172244
1.06352579702899
0.969250604175704
1.03993455920233
1.09490517072464
0.889709802536264
0.807274019708582
1.06649494589312
1.04353214160814
0.978455352719056
1.00310769252422
0.998681308801681
0.956813018093439
0.88770853005725
1.09124662748263
1.01172609583968
0.984834879250083
0.884693514424677
1.17586447740349
0.953183339122748
1.07496197013737
0.84956801363667
0.932947390231952
0.987962388128437
1.10283671329229
1.01556970527751
1.06218619602101
0.952755031021252
0.985937551039519
0.887715890846924
1.03753763377523
0.833786464601409
1.17348440988406
1.08778751210868
0.830586686140301
0.970230755908945
0.846288344556326
0.837977896668665
0.931740371820292
0.866441546175178
0.908586028190668
1.06554865616423
1.12975458889504
0.923199156659996
0.827382629331851
1.05198478742409
1.07646603295593
0.951687578023156
1.07248232554116
1.02405135338444
1.08032564628447
1.07407195903671
1.01702187404722
1.00305820475986
1.131142401996
0.908114301228545
0.894564900384345
1.14492029934393
0.829361742379661
0.944225439039422
1.05773100451676
0.976458132111589
1.16855609891813
0.933020564148553
0.964223778216023
1.00894131133661
1.01630917927913
0.905435316246801
1.0643229556453
1.11232688297763
1.30176479506333
1.13611220930875
0.902026043963199
1.04514808740123
0.872180144995321
1.13561481485337
1.06836383313297
1.01268329479321
1.00394509986504
0.864961629479799
1.06149757332626
0.962945995787405
1.15739571096289
1.13815363623622
1.00948907699592
1.15461844977631
1.03459468321664
1.02087732897521
1.00381783089064
0.884594209859489
0.964356402918655
0.934862595207542
1.04881404740362
0.885808337835806
0.875209734209812
1.09860994233956
0.972530861604572
0.940294830621184
0.950748401086677
0.987983850432493
0.95886938360502
1.14058969742717
0.891665328977041
1.14376954207926
1.00634960493517
0.872942899730498
0.946213100100523
0.98382211571562
0.901241972319723
1.04653677258703
0.956877457349992
1.28224621723285
0.887275346979199
0.905902825503506
0.899622799939831
0.996711807957961
0.883735484759798
1.00173657836983
0.994112101369062
1.09235230213702
1.11940551993738
1.06968316761125
1.00318563062291
1.00206354790594
0.994528879868502
0.854089920199808
0.82168725116409
1.05316627619695
1.00180612170391
0.985036718571646
0.982252731638526
0.869697676415082
1.0789595831741
1.02805028927355
1.08691607129109
1.23281171463685
1.1569517669809
0.876182813172159
1.00597132073468
0.841759193910847
1.14056364769572
0.903888227620141
0.959945988675192
0.948610613518411
0.829213518468326
0.949256986023943
0.887858343953312
1.09932513269946
0.824138797205662
1.00888554587727
1.02757475857214
1.04467638385741
0.999689702341781
0.888079202227247
0.977229499519101
1.19256289076906
1.01117856307085
1.09050711145633
0.995969905864386
0.816363276259782
0.909251001390131
0.975471523748173
1.09788874777427
1.01224934308239
1.01382004092306
1.00441749731297
1.09236720265695
1.00856057054758
0.915138995766657
0.984135908607201
0.923078404606783
0.775407991099682
0.94582576235817
1.0166935400761
0.917888309386186
1.06780557204163
0.962752888115577
1.01301508101734
0.893466200900232
0.986756222639155
0.950166728573593
0.938416065734653
1.1251225932012
0.937524892128019
0.909400054148629
1.11341871683981
0.952804764553307
0.998043084436239
0.82494803172371
0.890051685834078
1.12429916514906
1.11044366969826
0.87818306719796
1.197220373684
1.16819723976426
1.06261750254189
1.04638620797694
1.04986838341057
0.986021684667889
1.10231241992388
0.953533247866831
0.938142676918749
1.11595270058951
0.915459140152701
0.91312831356373
1.08335718553881
0.955800298450033
0.963228137663818
1.09872728673291
0.956084191893133
0.906701984777015
1.07853388022457
0.937469304858234
1.09704142234168
0.858739583967471
0.933157710963203
1.10768251088453
0.946350038368182
1.09058320863132
1.12016245005857
1.14319766007476
1.06779333859415
1.12729473381029
0.854218348808327
1.16735176109125
1.01176186323789
1.02103507585666
0.91173779260137
0.91544061217467
0.893105997763138
1.04637864732855
0.892884035878226
0.944995585109933
1.16499243773222
0.89544667471818
0.932332678738371
1.06033087789929
1.07140563609
1.10513398667293
1.26598065565847
0.817392876264447
0.995281995386134
0.908896297799348
1.06256426541894
1.15441530675266
0.890375174612154
1.02771618109151
1.02453219067521
0.944087603832169
0.928817288907644
0.910872805887265
0.752878178465959
0.941150591840394
1.03219371534888
1.04971458394749
1.08572242534451
1.09602883330059
0.987239516582137
