0.844987590513219
1.08328042227282
1.00518164068933
0.938683783972884
0.984996573670243
1.08900605071424
0.90307582465054
1.14895028204759
0.890295183670487
0.93083003096435
0.999608851758018
1.01895584551422
1.18949644353662
0.891950457598414
0.854150422146755
1.00752444669398
1.07415104740613
1.1346812097656
1.11132625981446
1.03859588402514
0.931860520046436
0.936621305798391
1.14931492381663
0.810568420091364
0.874777896557598
0.959597001041598
1.09290836292796
1.06782555778087
1.10607135766562
0.901388851601072
1.15228164150938
1.09141627152748
1.04235204785136
1.05541251618924
0.987769687279067
0.891249565353031
1.04553529802111
1.11260333721914
1.08248234478393
0.971474498257632
0.996576963510961
0.972963184325196
0.9950711510474
0.994019371536145
1.07261681502459
1.16646820990026
0.803838541880431
0.915062784050511
0.864805804717128
1.18338013623048
1.10494694674965
1.05231790837669
0.852557330234719
1.14045406695558
1.13269895464268
0.887824138569642
0.890985026848067
1.00450161055749
0.852106355511143
0.85350029549341
0.945001647198667
0.964928025522305
0.95938785361733
1.20286483742118
0.9335956115488
1.1582080306379
0.970530145777304
1.12192736160125
1.05913307206827
0.95364564539968
1.01689528697269
0.782749725892516
0.861379000927569
1.02297155094639
0.975813693234393
0.874268232160385
1.1346403290233
1.08539327929713
0.890471512326481
1.01516710134251
1.00207931810779
1.0169706536008
0.864108255809477
1.03695833855546
0.918093777121799
0.880487125768981
0.879087606729878
1.06152689502496
0.810175703018576
0.985651238312113
0.862356510726931
1.01391059368594
1.04968394345739
1.09674668635801
0.849805150038
1.04066891813937
0.990201767538028
0.901215970206127
0.93105677741082
0.912999702447205
0.960343938992958
1.08252015897157
0.998750399961965
1.11873923029103
1.02413553399553
0.831940398595506
1.01728607047484
1.15157325831818
1.06206324762928
0.737981111361312
1.1464666780419
1.14106117100432
1.02693181920002
1.03411204515872
1.00268100761686
1.05398986129268
0.85146680247891
0.978942324210695
0.919886867523812
1.19104916892121
1.0010722956813
0.915648749334925
0.998196840374501
1.0863177657841
1.08243711487891
1.00401576027682
1.03002410895241
1.15890958864287
1.07468200313824
0.945362779332114
0.642677085931678
1.2350769407971
1.03497992808704
1.11770267305525
1.08784222117948
1.24306389868896
0.91298676243474
1.00591850284862
1.0458744342368
1.10803826811841
1.05503220111978
1.06841887161747
0.966908424774812
1.05483380861029
0.838051949840934
1.00674784344488
0.960646283202819
1.02531401914437
0.987520019621355
0.824148387853385
1.05633971238125
1.11504135123571
0.888519193017303
1.02490575889794
0.978648303071559
1.02890509275373
1.03544360170559
0.942777105611076
1.1328822534466
0.909285427891032
0.780931384042517
0.921196549630447
1.09910771642734
0.893389434303776
0.842548400752858
0.953549021878634
0.775872746001658
0.978555790633073
1.03712906351898
1.01848024652623
1.066569059852
0.994820292788411
0.971090333520762
0.992825799007594
1.04389103888242
1.07384601264123
1.04649372638921
1.13763374192477
1.02924442480763
0.852796539093999
0.995487865208058
1.08122165872662
0.861371497878302
0.954183327600556
1.02319853576446
1.07656846806489
0.939712822915953
0.871837705426987
0.891289402860173
1.07587108601724
0.988352216176734
1.03908356263038
0.964344654445621
1.21438383568512
1.05974998850247
1.01208336642106
1.15696952870047
0.928627855274221
0.966814502060134
0.935183761316681
0.925817602330191
1.0228059092759
0.952888667787031
0.959434513409059
1.07514931451177
1.01787570616466
1.19883446794421
1.05361919131675
0.988678119750754
1.08940432234922
0.972450361093613
0.898955999263605
0.954330857346652
1.11103147488953
1.07291390111283
1.09888872925066
1.08031632062876
1.01101355385266
0.876874512089899
0.832041290322101
1.06206698470944
1.04808844303249
1.22322822582756
0.947423183073314
1.01947737995248
0.999550192672012
0.871149235682414
1.05404485773736
1.09748887949604
1.08886573973825
0.929447032337746
0.944690366270813
0.916974248433103
0.945255713366533
0.940703994292012
0.984346592681018
0.888789533677844
0.965960822088578
0.96572370214767
0.905476907620725
0.972199461536197
1.28686324898358
1.0822642451125
1.00197376115463
0.949837336078093
0.924252831358666
1.11355909814621
1.00587368138043
0.88377546700176
1.21091764849797
0.844326399264104
0.987038744747168
0.960207296438087
0.990124659436237
0.982214323460617
1.01276473535634
0.764309588740788
0.934851086425996
0.839681559602361
0.913722706980651
1.04343185061681
1.09637791964103
0.757082266791657
0.885179446043116
1.06277956368845
0.910549761989879
1.10572583500397
0.973196435474607
0.941384093581604
1.05814335001627
1.0736782542538
0.972207118101488
1.08392851959135
0.901652847628981
1.04089681689056
0.815901948899427
0.849112874103555
1.04438389974157
0.93631825282395
1.14371504325337
1.02627564971553
1.0289718344752
1.01742923721483
0.886249377051886
0.953451128961945
0.908460030026403
0.977391101437893
0.939666697641681
0.962132967697592
1.002243425821
0.977032964923583
1.0149163903302
1.02050799942876
1.05793350646263
1.09668169280238
1.04548982806925
1.0472432895934
1.04473853300093
1.03755610895383
0.922409757691412
1.14569900123384
1.08375553035369
0.933170794954625
0.804359412808858
0.910132925322715
1.01476073173629
0.968537718994605
1.18822144025733
0.927198381749609
0.855273353844657
0.976553614690171
1.07235700669645
1.02118947481295
0.90714074866036
1.03134944676181
0.954474362121321
1.08822274264525
1.01515326165388
0.929627126055513
1.30803521558561
0.982553598868352
1.05986341537656
0.93757832767159
1.10274116924831
1.0851227150634
0.994035165057971
1.03872872309157
0.939824306734741
0.876731637270565
0.972890184698846
1.02313423997729
1.15540437022898
1.01617433413544
1.19028830994089
0.949694434736098
0.975966234563902
1.05189845712689
1.00287744065409
0.781432869598503
1.05213566268108
1.03172953184279
1.34575170613245
1.10238572474825
0.918368968635098
1.11357099944266
0.979888436655435
0.842474365940512
0.81927009691702
0.895925426166909
1.03696168114554
0.909448378139431
1.00775048647499
1.08745363083292
0.972537270293909
0.87052140027029
1.00879908726761
1.25214529952266
1.13141975707771
1.31880311606887
0.834960693160493
1.04223287916569
0.97441831723943
1.05342776641093
0.793101429259675
1.04075633524285
1.09291836168457
1.01759838918084
1.08099849058437
0.971537083953816
1.0278902071056
1.15366993183231
0.791238872277377
1.05319577379156
0.964623739087519
1.02679102425221
0.982125373635969
1.06296387302394
1.18243277615266
0.940371454903794
0.778542059499081
1.0396974706419
0.965494675564506
0.998124201011631
0.864247959400466
0.958538095730035
0.908766768358084
1.00734061327349
1.01033780687606
1.00663825310212
1.04073029264535
0.912383842069945
0.976424399575973
1.07391300495931
1.16362881009662
1.08897588675009
1.15959910831678
0.862487636280669
1.17747757780316
1.0767206252454
1.00355713998835
0.929646625265738
0.91748459709461
1.03899349246192
0.969249187189035
1.03049908533748
1.14735720289445
0.904044020448724
0.954282280654118
0.947452112566478
0.95355705943652
1.12850739119686
0.969678387577625
1.15254539891779
0.879727614396823
1.01574213086439
1.00155341048933
0.898640622089812
1.08552927131249
0.939136002341835
0.906867363415024
1.01368119343157
0.945849419440997
0.885890566501749
1.06381862696848
1.22115508847381
0.9623092874092
0.985580901470827
0.970835140093028
1.2943069553758
1.10461297983321
0.919124964427241
1.05682494984403
1.14262085847042
1.17120484580071
1.05107967254877
1.01707299966633
1.12725991713593
0.94945728153598
0.855910919752538
1.00541921442187
0.90560944998139
1.03027238361915
0.912438387197554
0.913723149498861
0.99338045548352
1.07148904185006
1.14430733986521
1.04114616331642
1.23436104781326
1.18919549703629
0.99936222807141
1.05675353435551
1.25738679474231
1.08124697335925
0.926313588556964
1.20766739224877
1.09704978425817
1.02751865154752
0.985369800633082
1.14468375734673
0.860484189157654
1.00717032620041
1.01825008738048
0.910773049664644
1.01411532914489
0.844817233306018
1.04626368009199
1.00480696752104
1.01944844664838
1.15026399673191
0.992661092138027
1.04056726070674
1.14532759930241
1.00285814536925
1.06439438786895
0.963999242047229
0.891053937606584
1.15574415260143
0.839699311942794
0.821307751278213
0.903072478447587
0.989065789280211
1.05116180343743
0.793991370370934
1.00711479074195
0.844499624348011
0.841893919720739
1.12418455007087
0.95590207313918
0.980279339119121
1.16652265036647
0.902843928770774
0.980967648111922
1.1481431767318
1.03614766118791
0.997055934808552
0.832910047209937
1.04963987523131
0.947260792430466
1.03078858622323
1.0635403483799
0.916184574802748
0.924098691294172
0.952389551921959
0.897169649771481
1.09318660930916
0.811262747482477
0.968563275346555
1.00148687645209
0.784586405158974
0.999045857435804
1.06825389577732
1.17017034090765
1.04088262988615
1.13250304038726
1.00986943235931
1.07786862440148
0.998668531962517
0.931084339059472
0.979190744132527
1.09481970591141
0.888885505586986
1.20532255802437
1.03675622911023
0.975574674807405
0.98117148129272
0.9967742984326
1.00825052445734
1.00715011754278
0.920480052214469
1.03596583541724
0.981724495857152
0.96352403441132
1.17732617475935
1.05007556435017
1.04605997412337
1.07259029688138
0.898604689442312
0.83573144700943
0.824825128090863
1.02680737348947
0.798428901885103
0.98837777586532
0.904272262267162
1.00807100343424
1.12163658175313
0.768461821699832
0.899309273416507
0.874103239707063
0.877163404384918
0.986280254459841
0.973902494652262
1.02066885072197
0.987819795955485
0.8549828693368
1.0607010259765
0.764288883876908
1.02014650511627
1.11208053004135
1.07626152693414
1.15711520022053
1.14791229608072
1.11241358225615
1.06562072260701
0.987755710665097
0.91715163379446
1.01607341637593
0.93960061090092
1.04449811710369
1.01463724368375
1.00192538917765
1.01923553727653
1.01730170292402
0.929142011533981
0.919247436364656
1.07981108089832
0.938822500352751
0.923452424710734
1.17666304965746
0.895444833116074
1.13857393978005
0.914146851145394
0.878092409704759
0.921399611130015
0.995676764275629
1.09650086566708
1.0533685034144
1.07396079068791
1.0282665253871
0.847370423185076
0.894496425758077
0.976215228722203
1.00457910944451
1.04219056357342
1.03913168070688
1.13260191378065
1.1688247996033
0.891655122949189
1.0718146074257
0.839148239613895
1.09522024848795
0.999809715618497
1.01378643417417
1.13741018362277
0.863639096539955
0.899310995491099
0.829084228223419
0.966400373088647
1.07512155849504
1.13077137507843
0.921331067872653
1.04591135608287
0.749319133078992
1.0267538850662
1.03094478174637
0.910990607933608
0.872480439251694
1.02179301545814
1.08947160755244
1.12856531200673
0.769742519435426
1.04121662023022
0.940053775799421
0.960246544467083
0.969580004001551
1.01871297475846
0.946676896268932
0.910676171931118
1.10146362451854
0.998848892381126
0.997992048622187
1.07903731335541
1.15412032982872
1.17170272897386
0.976630433703784
1.0291185089161
0.93091933877235
0.865254989838508
0.976458990056744
1.00931202908626
0.941204882123631
0.981709346371684
1.14617599359901
0.913793795419441
0.866114505704978
0.962691880414499
0.960260515272282
0.918585960784584
0.941862489056046
0.966606224241747
0.885491380759551
1.05452378157895
0.919514055627253
0.861974462807278
1.16203315576184
0.971086458900534
1.04063851739308
0.978339339235026
1.0594229110263
1.14815926768537
1.10570458252686
1.22958994661046
1.16521951276313
0.834041721686014
0.985849454330291
1.02365059749602
0.995767935639326
0.971007597720647
1.05071839929145
1.0809574197962
1.14054497765786
1.03790888430049
1.04223797991307
1.18062705016474
0.98778116349167
1.06075367495373
1.13754986724002
0.972908603588879
1.06354743082558
1.11648551631237
1.03162961104776
1.14799807751698
0.89697873553017
0.891499073543532
1.16954022202384
1.04221827184454
1.24109608166126
1.04906838517733
1.04147132638963
0.963822383884833
1.13595359471111
0.873277582827577
1.04093137535868
0.854914605875218
0.937256985098607
0.901109550630526
0.95430469602407
0.930780702665428
0.934963611272571
0.785396697692363
1.05580806866553
0.866444646799662
1.01837001379376
0.826859694152441
0.997945890732129
1.01612495532963
0.913684594754981
0.955676503162834
0.939895669406671
1.07364234879636
1.07036159797871
1.1975989483993
1.07039759278626
1.0816808529736
1.14010996911948
1.08967405136295
0.878048334234811
1.10438951171156
0.962041260130997
1.01159024356883
0.960899836541969
0.938365105369074
0.977651464250683
0.928634392731096
0.978059120018046
0.874551818337882
0.768042526217381
1.1088059221925
1.05267714927496
1.27814096546406
1.02223950334714
1.10504808531277
0.957612017368607
0.770164111215334
0.872286262713082
0.871607669895026
0.786702023741449
1.15934318789349
1.01926233029653
1.1904157718333
1.04192351658863
0.999073049911581
1.00718448482967
1.08997509132296
0.85350095563597
1.09147942487797
0.971151272564153
0.838940226912905
1.16998114483456
1.07711977845308
1.01686375154214
0.981558630064823
1.02548593917367
1.00721395188683
1.09331570009052
1.06209840197396
1.06156479998781
0.90254708806374
0.954367713401324
1.06871036709082
0.691486617279659
1.01517497645521
0.941987751549146
1.06463778929461
1.14473169079927
0.925893390733154
0.851411985925122
0.923345434669937
1.0113967688734
0.957936506822
1.20798836988497
1.0139788059583
1.00511818456068
1.31719822782056
0.975732108816123
1.12169576078059
0.918157164691593
0.936743010673205
0.9815723072269
1.0785302879542
0.961800660999206
1.04262420401458
1.13988541872269
0.839876210159704
0.973642607723745
1.0090088069834
0.926605139135993
0.938518300226095
0.949179935232916
0.959931449943148
1.20643957257109
1.13304931338774
1.09440712229783
0.970807684023566
0.959873705517638
0.806061326747194
0.832124442900775
1.03916609503624
1.12051928772177
0.930747718140088
1.17396398154166
1.07913308807153
0.886871843295731
1.11720671309695
0.871015098983501
1.16413517979412
0.877915586423062
0.893669783892722
1.01836078928686
0.816902278114134
1.13956182551079
0.843764407535267
0.99434565750491
1.15443338097791
0.805854270149559
0.96244957059523
0.940802700448673
0.954412537539653
0.993624405192578
1.12562919258756
1.06927578100807
1.06388476767362
1.06588871442356
0.956452921614669
1.14093501864142
1.01455053327027
1.03398123211838
0.973217692846761
1.06234203312379
0.953868262753463
0.994769129325721
0.965990552600718
0.966318574816742
1.09771890649372
0.989014892101148
1.06902804011156
0.832739739296855
0.956027606011849
0.894076858662658
0.989449779978983
1.0619712740276
1.01488396501409
1.02863365169145
1.12334447677227
0.928682582077768
0.869937362636778
0.981602617051249
1.02789165817907
0.857787426633902
0.949089077431936
1.10750365714526
0.979983879374999
1.19947673688457
1.01727213443483
0.735358818840846
0.965777806055625
1.06891969231769
1.07141759610597
1.05190264484689
1.05002595874644
0.92342814202867
0.839745519025013
1.11517085144788
0.903350603354632
0.960113517945422
1.11555726662791
0.978250220196934
1.20964801508193
1.10720029250713
1.01576280849909
0.779944716334428
0.986286953807046
1.06029457526507
0.921596963606644
0.997923950877027
0.881775308467586
1.06039231041728
0.993508800960959
0.931146678896261
1.08350909013317
0.963538759292913
1.0149562520158
1.1071920433636
1.15315798231655
1.0942297455981
0.92360799108444
0.822601619408531
1.08797286085088
0.996034603368429
1.06009086355219
1.04634136184358
1.11619719398292
1.11276749606738
0.904970786158948
0.916191574345767
0.984495156825744
1.00172920568572
0.921829727778874
0.994981978356689
1.05460922815535
0.977792864008081
0.931933452539581
1.16665616946058
0.993972933954286
0.927592125614493
1.08662537201615
1.08636021422926
1.22181544708741
0.997261041332651
1.16611781839278
1.05229134392606
1.06781317884734
1.19187234575141
0.973146371333928
1.15867013631516
0.990303568705824
0.856201149537409
1.08521528555678
0.982971825467763
1.15347145487452
1.18438318146887
0.846757928290823
0.782113164610905
1.05274764360355
1.04362986550086
1.06212421505632
0.995730555829583
0.748632772987744
1.0187370607728
0.969636384938677
0.977682332866316
0.745399467295479
1.04758616692328
0.953533212072218
0.775624007749456
1.02866184248616
0.930851530780302
1.14430346590571
1.24258661554512
0.954774619249186
0.812797387500986
1.14910439427868
0.861334483538299
0.943633577281593
0.844585752246597
0.882389188066807
0.80615657577614
0.882242838157018
0.890189328710928
0.919550636018761
1.00142769307269
0.930148297340797
0.825372867199879
1.1534718533435
1.0331763721337
1.00774208503023
1.01058992948736
1.04589019368683
1.13677342935833
0.709874167470815
0.822017098853584
1.12317274978898
0.950844157465772
0.813987645576247
1.0927206081586
1.11076881571272
0.922018444191802
0.968132700498275
1.03488930879752
1.10333683607644
0.955027011911468
1.05570423720608
0.889141745360724
0.930091681443919
0.959675611138329
0.915283549528574
1.11161443187624
0.839565298455153
0.936875264567286
0.990323036410914
1.10463118113339
1.05028458325997
1.13126188877583
1.06529415022074
0.778284723402805
0.813322197893489
1.07769306008408
0.872529562312309
0.894348377507539
1.10453237882162
0.959249505192176
1.04290124014528
0.901036864130663
1.03558864850995
0.932792447661645
0.956990964390056
1.06551213762683
1.03791719366464
0.964975624116662
0.977387838474711
1.06482574827983
0.954874979713777
0.864265796096131
0.807365713697966
0.701351368260573
0.906702643888576
0.972306155410535
0.929809439541635
0.912367082075927
0.946808576814398
1.12020590858522
0.887153721552453
0.85294201155108
1.01248060591961
0.944011834774145
0.925198583998095
1.07274360815431
1.02796204794743
0.90840923626861
1.0546295373088
0.971278887099379
0.904769389821522
1.02742551102969
1.15417031005126
0.910285635332196
1.04267200518636
1.02432100666969
1.09972330242214
1.05072119863792
1.08684824634036
1.06157241479918
1.11097108247589
1.16281563832191
0.919207878851142
1.11390914124619
0.82786058972131
0.841000308961815
0.990960405857155
1.00384357833369
1.11376262827105
0.926434696097932
1.02661428871633
1.00702682841713
1.00358017905997
0.829369475001908
1.16709036841976
0.864544669430361
1.0362948078287
0.930485544586607
0.986179253029778
1.04343395360623
0.905291414700975
1.05588888402043
1.00810798950624
1.15130640695519
1.02810879508702
1.18187492577988
1.06121104345016
0.888158439758529
0.900750519639639
0.947545573638264
0.946875427273358
1.09425123560925
1.02403021478432
1.07987077285708
1.03894564838953
0.830564090199405
0.957596315858466
0.857467430687703
0.989625861962248
0.96954598087301
1.00786829293152
1.0774643839926
0.994549939127987
1.03963416979319
0.943972698597787
1.16767638936241
1.03954604696854
1.06085277615857
1.02351128735245
1.12173003520156
1.04448127196132
0.816544230326267
1.14762916113737
1.06497106778761
1.04093852425032
1.09495012605881
0.971429239868428
0.943145283123901
0.951527289379098
1.00645955649066
1.00037661922918
1.06881364147044
0.875251012667114
0.899255468896466
1.00231272403706
0.933109162458969
0.889872193980221
1.14577551849775
0.985652918163591
0.965024877571583
0.866126489998666
0.978360104864018
0.890281304959234
1.08095854853596
0.967797748333936
1.07343254591658
1.20857895276683
0.95155109438846
0.942596851012015
1.07389966249895
0.918871590756919
1.14135702095297
1.10462041536492
1.00457416086509
1.09132605895281
1.03096338272942
0.908841896086654
0.7908754292446
0.802485358676576
1.07287045493853
0.829096505761071
1.02107532868958
0.993025387518901
1.06499598135324
1.12359090454515
0.920283439586222
0.847416717508467
0.911810947946191
1.0102120617416
1.01292737605594
1.06876551661741
1.12733484556682
1.00170992014013
0.954051328007794
1.05358703350778
1.06836243622702
1.0471473350297
1.03614608805161
1.07000975249862
0.946527709158132
1.18520011008041
1.03102323615156
1.09154431781195
1.07619169892021
1.13174730588606
1.26541847057144
0.955868118348833
0.993054801652751
0.815838202574064
0.943888246154666
0.947098016236967
1.07269561497601
1.02169031213213
0.867616548249385
1.01909703449403
0.923825968322949
0.874046635200399
0.88625510803446
0.989652338570024
1.1349636983838
1.13840277484896
1.03627339657522
0.896726614815702
1.03172500741945
1.01483162119572
0.88207936378208
1.07655739751934
0.993647047651228
0.900273320009865
0.948391122015747
0.921592085014247
1.04259986979503
0.90256252228375
1.0221968478687
1.24655462602453
0.904512307219898
1.17690719269735
0.954025018406527
1.08118371922419
0.977259807965314
0.934685419288896
0.802407564273772
1.06530608151907
1.13212299155631
1.1106781053301
0.969030265908372
1.1106268523773
1.01805413302866
0.887661121149373
0.917303218412246
0.901397701370223
0.965046714243903
0.998822273136603
1.14541842777127
1.08699256272575
1.08698842030709
0.871090352588591
0.925282120655848
1.04068697078029
1.23186297944462
1.27505210775312
0.89271839897208
1.09968564934665
0.907628511744638
1.04709618260222
0.995550760406909
1.03761194467143
0.973986662717839
0.934219641183957
1.00030132753236
1.07960418419259
1.00795138572053
1.0013292428008
0.994747912570499
1.02487484893682
0.973212862016902
1.04021007951518
1.06763111289523
0.997258475422535
0.881619499192759
0.985510649754875
0.920687764927288
0.872194721101445
1.05133147242291
0.907297383991829
0.908171176751119
0.836706061594363
0.98108346153857
0.949784891853021
1.15220250833167
1.08246257935644
1.14866763632854
1.1966026357401
0.907333667223176
0.852257369435988
0.831651870461313
0.995342641423962
0.923320365336474
0.90892679934642
1.07150057556188
0.964350345376241
0.881771453241716
0.827549452340392
0.781918898941326
0.963858043584952
0.944815927019787
1.02154606945999
0.949253738856493
1.04661500574831
0.895151077194516
1.13296099591007
1.00356223266834
0.932209039544174
1.16228687401652
1.05077762477642
1.0983334022894
1.12720038530294
1.20025617410582
1.01886674394216
0.936060212988852
0.959168180155812
0.866618421801472
0.941404411776715
1.01414339831593
0.892632666361778
1.02182959326776
1.01199910702906
1.02234037399441
1.03973282848249
1.23540373390462
1.05370714529013
0.90454606224857
0.811717902031132
0.919010449999199
0.938634784687402
0.960968350550007
0.885420829913315
1.09008715351771
1.07070573400787
1.16686967901026
0.787380018302597
1.03914650701232
0.942600506200415
1.1081510482518
1.17109093660484
0.915737983076869
1.0012078169908
0.894563769287966
0.9934550808982
0.9934274835248
0.924868378651081
0.972789468079926
0.929564188061945
1.12580700446702
0.841637487958538
0.922562740239949
0.96734165007304
1.05291642320927
0.85349759160706
0.988323153206416
0.887027377974099
0.863954857644514
1.01647075174129
0.973405248645637
1.11754687539974
0.983682742643633
0.835286085434938
1.07664466024768
0.999572429590895
1.19670054083574
1.12866899042774
0.874561580725459
1.00482789952628
1.18921667539923
1.00860621645075
0.909776871906805
1.06210538195067
0.844182960611588
0.837109755864341
1.01940620903455
1.11714539691275
0.93700605660548
0.8657447019008
0.93658061285663
1.07410328959698
0.963372129154795
0.935051992601876
0.964001405504599
0.987498485786157
1.04531019462757
1.05634184152421
0.80470709215946
0.870368929509336
1.0781227361215
1.18624709962216
1.04585346767521
0.913134306474589
1.05164056316556
1.08868267888024
1.04543747059509
0.92264871208012
1.10276605687919
0.900686750618082
1.13195683517227
1.05695261200468
0.837297792754585
0.983742758498389
1.00096093593715
0.930730095972347
1.11807809070921
0.934839564263214
0.916299032122217
0.797574141223792
0.991920192185597
0.955351758347001
0.689419288676457
1.06092249322426
0.905439511613684
1.01651200312607
1.03162498919281
1.01419881475087
1.05564762068385
0.977447973045539
0.916666033004044
1.03509498260763
0.97055581477495
1.02854160860775
1.03664321258449
0.950883883966497
0.934763116249705
1.10531873839677
0.920450242475111
1.20092617800993
1.015050510286
1.08708540472514
1.13766420600283
1.03336038257798
1.04333333726152
1.18537935162738
1.03879117165494
0.946815217839315
1.17287494970972
1.06017620610652
1.13062583359044
1.22299701332857
0.82376695448572
0.964922351913324
0.824851309010835
1.11191546514892
0.956433934305008
0.956841522760753
0.948109065157038
0.9351843577182
0.914104169113382
0.994778480048071
1.01299631262638
1.18643502451756
1.0809325481416
1.13784238361926
0.896378085000134
0.880109801238062
1.0207840149457
0.930736904920842
1.00245385324032
1.18870960408642
1.18888400177858
1.14384726003775
0.825377882828325
1.12496565504384
1.07113939851186
1.17960906402426
1.06657643603048
1.0986161924934
1.04648621710177
1.09294205245041
0.890579728765318
0.874443836340295
1.0095728422014
0.990711946987665
0.945412853398565
0.880840432095909
1.12048351528851
0.833230732000822
1.03554804977769
1.1164827361122
1.13056550903674
0.99668007832811
1.00090164199688
1.0519495518755
0.952550651851392
1.01358113558652
0.912799052462485
1.03046092838653
0.933091782136117
0.941970364309811
0.964010861539391
1.04490909557581
1.09164109649464
1.20164378941083
1.09698266222439
1.09513811373365
1.17409871582974
1.11119732635075
1.04039195863169
1.07724541098496
0.813642521789682
1.10419157310781
1.01826765098458
1.06790780825217
1.10081492650706
0.966336495923338
0.837982361564901
1.07484973197377
0.983356488235325
1.10062864751499
1.17171304784917
1.11092222264527
0.807953892687087
1.04923921277288
0.920961715092974
1.08683133723976
0.904683945470146
1.11462550390651
1.09624198466101
0.841220119363651
0.94547154585798
0.97656274038886
0.859048533880462
1.03268551506561
1.01491523866964
1.18332351542378
0.929875099741378
1.15417782255883
0.899549039318207
1.13085742406596
1.05913652277095
0.812739682015364
0.900821125864495
1.22145558058637
1.00674674349623
1.04069790567156
0.958571353072503
1.019439441284
0.853145375347153
0.997940962465098
0.943066530224029
0.911791596889789
1.09133426084885
0.982749257244034
1.01612923379932
1.15397669686048
0.905465251712389
1.06760064236175
0.956349306086455
0.922447611273659
0.952904156065428
1.15336275000248
1.02732010613852
1.03198060752835
1.06668233114082
1.0848452401273
0.994729633396648
0.965314479304944
1.08325235676733
0.796513455973537
0.976494488045717
1.04965647394682
0.821187791449235
1.04582735280459
1.14022804056235
1.01448709912631
1.00623757808756
1.00233554296492
1.1187803778144
0.903699852252606
1.03193587974052
1.00656481790296
0.909393079917696
1.27561050728564
0.981260142415053
0.941893982326905
0.974746771627642
0.972090204968042
0.944751157428364
0.990018544046151
0.923906855408603
1.04977463877353
1.06486131959762
0.954369868198846
0.93571355500122
0.975182698431855
0.9268673851617
0.925285686554836
1.05549171340321
0.99005393954481
1.05572607992868
1.02682786665857
1.0577512711084
0.980686807672071
0.993775820764845
1.03331040585747
0.940017319919656
0.853767183835465
1.03460907672653
1.00325762607419
1.18531753670486
1.11032915687608
1.04072471180673
0.93327266203129
1.06396123060522
1.06482839692907
1.01895411923326
1.12265625609236
1.16860380248536
0.932463863806517
0.990928057653558
0.97113378405213
0.859176445242206
1.01324883640406
1.011445939956
1.12153410092532
1.16025555123135
1.14464967137322
1.04792148071898
0.942696098788558
1.13895849717175
1.02644825993319
1.06720861316721
1.0763641974008
1.14082950955212
0.97618158653114
1.03068718027962
0.977673812185529
1.13327869697547
0.985191462532373
0.713405280791479
1.05841637752839
0.957145872692762
1.05808403415134
1.02513750422654
0.925109656932764
1.17127512617074
0.923688166404529
1.12591953244184
0.930230549661973
0.979807992856959
1.04823762991279
